!9/11/2017.2:18:52.PM
!RF.CORRECTION.OFF
!AVERAGING.OFF
!IF.BANDWIDTH: 1KHZ
!NUMBER.OF.TRACES: 4
!TRACE:       	TRACE.1           	TRACE.2           	TRACE.3           	TRACE.4           
!PARAMETER:   	S21               	S12               	S21               	S22               
!GRAPH:       	LOGMAG.PHASE      	LOGMAG            	LOGMAG            	LOGMAG            
!SMOOTHING:   	OFF               	OFF               	OFF               	OFF               
!TIMEDOMAIN:  	NOT.INSTALLED     	NOT.INSTALLED     	NOT.INSTALLED     	NOT.INSTALLED     
PNT	FREQ1.GHZ	LOGMAG1	PHASE1.DEG	FREQ2.GHZ	LOGMAG2	FREQ3.GHZ	LOGMAG3	FREQ4.GHZ	LOGMAG4
1	0.010000000	1.420711E+001	142.1332000	0.010000000	-6.007086E+001	0.010000000	1.420711E+001	0.010000000	-2.390136E+000
2	0.010081407	1.424843E+001	141.6554000	0.010081407	-5.936298E+001	0.010081407	1.424843E+001	0.010081407	-2.220976E+000
3	0.010163476	1.425362E+001	141.3906000	0.010163476	-5.955259E+001	0.010163476	1.425362E+001	0.010163476	-2.195179E+000
4	0.010246213	1.424629E+001	141.0710000	0.010246213	-5.643522E+001	0.010246213	1.424629E+001	0.010246213	-2.175244E+000
5	0.010329624	1.424654E+001	140.7849000	0.010329624	-6.161310E+001	0.010329624	1.424654E+001	0.010329624	-2.144580E+000
6	0.010413714	1.424924E+001	140.4624000	0.010413714	-5.745430E+001	0.010413714	1.424924E+001	0.010413714	-2.125756E+000
7	0.010498488	1.424566E+001	140.1417000	0.010498488	-5.485421E+001	0.010498488	1.424566E+001	0.010498488	-2.090429E+000
8	0.010583953	1.424672E+001	139.8754000	0.010583953	-5.879175E+001	0.010583953	1.424672E+001	0.010583953	-2.071765E+000
9	0.010670113	1.425095E+001	139.5728000	0.010670113	-5.819619E+001	0.010670113	1.425095E+001	0.010670113	-2.046731E+000
10	0.010756975	1.424636E+001	139.2504000	0.010756975	-5.991953E+001	0.010756975	1.424636E+001	0.010756975	-2.015571E+000
11	0.010844543	1.425035E+001	138.9452000	0.010844543	-6.020354E+001	0.010844543	1.425035E+001	0.010844543	-1.985557E+000
12	0.010932825	1.424586E+001	138.6243000	0.010932825	-5.953902E+001	0.010932825	1.424586E+001	0.010932825	-1.964900E+000
13	0.011021825	1.424447E+001	138.3070000	0.011021825	-5.566894E+001	0.011021825	1.424447E+001	0.011021825	-1.933394E+000
14	0.011111550	1.424648E+001	137.9997000	0.011111550	-5.948055E+001	0.011111550	1.424648E+001	0.011111550	-1.898130E+000
15	0.011202005	1.425179E+001	137.6945000	0.011202005	-5.907725E+001	0.011202005	1.425179E+001	0.011202005	-1.868491E+000
16	0.011293197	1.425053E+001	137.3775000	0.011293197	-5.572683E+001	0.011293197	1.425053E+001	0.011293197	-1.845208E+000
17	0.011385131	1.425367E+001	137.0236000	0.011385131	-5.719392E+001	0.011385131	1.425367E+001	0.011385131	-1.812457E+000
18	0.011477813	1.425194E+001	136.6960000	0.011477813	-5.829561E+001	0.011477813	1.425194E+001	0.011477813	-1.782192E+000
19	0.011571250	1.425079E+001	136.3607000	0.011571250	-5.959940E+001	0.011571250	1.425079E+001	0.011571250	-1.751794E+000
20	0.011665448	1.424863E+001	136.0102000	0.011665448	-5.638496E+001	0.011665448	1.424863E+001	0.011665448	-1.716266E+000
21	0.011760412	1.425372E+001	135.6890000	0.011760412	-5.847680E+001	0.011760412	1.425372E+001	0.011760412	-1.690139E+000
22	0.011856149	1.425197E+001	135.3409000	0.011856149	-5.829955E+001	0.011856149	1.425197E+001	0.011856149	-1.663456E+000
23	0.011952666	1.425577E+001	134.9922000	0.011952666	-5.646851E+001	0.011952666	1.425577E+001	0.011952666	-1.634658E+000
24	0.012049969	1.425783E+001	134.6500000	0.012049969	-5.539482E+001	0.012049969	1.425783E+001	0.012049969	-1.600395E+000
25	0.012148063	1.425533E+001	134.3218000	0.012148063	-5.775521E+001	0.012148063	1.425533E+001	0.012148063	-1.576015E+000
26	0.012246956	1.425511E+001	134.0026000	0.012246956	-5.723396E+001	0.012246956	1.425511E+001	0.012246956	-1.543860E+000
27	0.012346655	1.425534E+001	133.6015000	0.012346655	-5.572283E+001	0.012346655	1.425534E+001	0.012346655	-1.507354E+000
28	0.012447164	1.426151E+001	133.2336000	0.012447164	-5.554739E+001	0.012447164	1.426151E+001	0.012447164	-1.474872E+000
29	0.012548492	1.425568E+001	132.9227000	0.012548492	-5.586794E+001	0.012548492	1.425568E+001	0.012548492	-1.444769E+000
30	0.012650645	1.425952E+001	132.5077000	0.012650645	-5.772091E+001	0.012650645	1.425952E+001	0.012650645	-1.413981E+000
31	0.012753630	1.425894E+001	132.1295000	0.012753630	-5.695582E+001	0.012753630	1.425894E+001	0.012753630	-1.380553E+000
32	0.012857453	1.425917E+001	131.7855000	0.012857453	-5.675760E+001	0.012857453	1.425917E+001	0.012857453	-1.344233E+000
33	0.012962121	1.426146E+001	131.4006000	0.012962121	-5.822102E+001	0.012962121	1.426146E+001	0.012962121	-1.309849E+000
34	0.013067641	1.426219E+001	131.0335000	0.013067641	-5.749059E+001	0.013067641	1.426219E+001	0.013067641	-1.283175E+000
35	0.013174020	1.426187E+001	130.6401000	0.013174020	-5.992410E+001	0.013174020	1.426187E+001	0.013174020	-1.243687E+000
36	0.013281265	1.425775E+001	130.2880000	0.013281265	-5.428635E+001	0.013281265	1.425775E+001	0.013281265	-1.211178E+000
37	0.013389383	1.426289E+001	129.8642000	0.013389383	-5.459792E+001	0.013389383	1.426289E+001	0.013389383	-1.177654E+000
38	0.013498381	1.426394E+001	129.4907000	0.013498381	-5.631895E+001	0.013498381	1.426394E+001	0.013498381	-1.144346E+000
39	0.013608267	1.426824E+001	129.1209000	0.013608267	-5.930659E+001	0.013608267	1.426824E+001	0.013608267	-1.121617E+000
40	0.013719047	1.426512E+001	128.6989000	0.013719047	-5.726373E+001	0.013719047	1.426512E+001	0.013719047	-1.077878E+000
41	0.013830729	1.426314E+001	128.3388000	0.013830729	-5.579738E+001	0.013830729	1.426314E+001	0.013830729	-1.037777E+000
42	0.013943320	1.426696E+001	127.9134000	0.013943320	-5.804336E+001	0.013943320	1.426696E+001	0.013943320	-1.006472E+000
43	0.014056828	1.427083E+001	127.5007000	0.014056828	-5.642978E+001	0.014056828	1.427083E+001	0.014056828	-9.670636E-001
44	0.014171259	1.427057E+001	127.0801000	0.014171259	-5.306555E+001	0.014171259	1.427057E+001	0.014171259	-9.351176E-001
45	0.014286623	1.426960E+001	126.6717000	0.014286623	-5.532193E+001	0.014286623	1.426960E+001	0.014286623	-9.016609E-001
46	0.014402925	1.426941E+001	126.2687000	0.014402925	-5.534181E+001	0.014402925	1.426941E+001	0.014402925	-8.606861E-001
47	0.014520174	1.427069E+001	125.8444000	0.014520174	-5.633427E+001	0.014520174	1.427069E+001	0.014520174	-8.310716E-001
48	0.014638378	1.427839E+001	125.4290000	0.014638378	-5.748949E+001	0.014638378	1.427839E+001	0.014638378	-7.963269E-001
49	0.014757544	1.427371E+001	125.0045000	0.014757544	-5.609642E+001	0.014757544	1.427371E+001	0.014757544	-7.565331E-001
50	0.014877680	1.427495E+001	124.5455000	0.014877680	-5.656973E+001	0.014877680	1.427495E+001	0.014877680	-7.143303E-001
51	0.014998794	1.427679E+001	124.1116000	0.014998794	-5.660797E+001	0.014998794	1.427679E+001	0.014998794	-6.775573E-001
52	0.015120894	1.427564E+001	123.6901000	0.015120894	-5.551482E+001	0.015120894	1.427564E+001	0.015120894	-6.442641E-001
53	0.015243988	1.427899E+001	123.2599000	0.015243988	-5.536353E+001	0.015243988	1.427899E+001	0.015243988	-6.062270E-001
54	0.015368084	1.428388E+001	122.8023000	0.015368084	-5.508133E+001	0.015368084	1.428388E+001	0.015368084	-5.760779E-001
55	0.015493190	1.427851E+001	122.3556000	0.015493190	-5.678708E+001	0.015493190	1.427851E+001	0.015493190	-5.324708E-001
56	0.015619315	1.427947E+001	121.8883000	0.015619315	-5.568014E+001	0.015619315	1.427947E+001	0.015619315	-5.002528E-001
57	0.015746466	1.428013E+001	121.4272000	0.015746466	-5.281096E+001	0.015746466	1.428013E+001	0.015746466	-4.607633E-001
58	0.015874652	1.428541E+001	120.9417000	0.015874652	-5.508918E+001	0.015874652	1.428541E+001	0.015874652	-4.202532E-001
59	0.016003882	1.428666E+001	120.5033000	0.016003882	-5.483475E+001	0.016003882	1.428666E+001	0.016003882	-3.794991E-001
60	0.016134164	1.428595E+001	120.0220000	0.016134164	-5.406468E+001	0.016134164	1.428595E+001	0.016134164	-3.362963E-001
61	0.016265507	1.429082E+001	119.5565000	0.016265507	-5.599646E+001	0.016265507	1.429082E+001	0.016265507	-3.035210E-001
62	0.016397919	1.429024E+001	119.0646000	0.016397919	-5.550636E+001	0.016397919	1.429024E+001	0.016397919	-2.643470E-001
63	0.016531409	1.428900E+001	118.5834000	0.016531409	-5.418888E+001	0.016531409	1.428900E+001	0.016531409	-2.247988E-001
64	0.016665985	1.429226E+001	118.0698000	0.016665985	-5.389448E+001	0.016665985	1.429226E+001	0.016665985	-1.855230E-001
65	0.016801657	1.429380E+001	117.6155000	0.016801657	-5.528479E+001	0.016801657	1.429380E+001	0.016801657	-1.428290E-001
66	0.016938433	1.429620E+001	117.1184000	0.016938433	-5.290884E+001	0.016938433	1.429620E+001	0.016938433	-1.070502E-001
67	0.017076323	1.429615E+001	116.6298000	0.017076323	-5.404251E+001	0.017076323	1.429615E+001	0.017076323	-6.856307E-002
68	0.017215336	1.429868E+001	116.1001000	0.017215336	-5.398709E+001	0.017215336	1.429868E+001	0.017215336	-2.531140E-002
69	0.017355480	1.429745E+001	115.6073000	0.017355480	-5.300621E+001	0.017355480	1.429745E+001	0.017355480	9.402471E-003
70	0.017496765	1.429902E+001	115.1042000	0.017496765	-5.446626E+001	0.017496765	1.429902E+001	0.017496765	5.837636E-002
71	0.017639200	1.430206E+001	114.5986000	0.017639200	-5.305751E+001	0.017639200	1.430206E+001	0.017639200	9.559118E-002
72	0.017782794	1.430372E+001	114.0631000	0.017782794	-5.416132E+001	0.017782794	1.430372E+001	0.017782794	1.367998E-001
73	0.017927558	1.430395E+001	113.5604000	0.017927558	-5.352645E+001	0.017927558	1.430395E+001	0.017927558	1.715761E-001
74	0.018073500	1.430602E+001	113.0157000	0.018073500	-5.456874E+001	0.018073500	1.430602E+001	0.018073500	2.166108E-001
75	0.018220630	1.430734E+001	112.4848000	0.018220630	-5.489459E+001	0.018220630	1.430734E+001	0.018220630	2.563159E-001
76	0.018368957	1.431118E+001	111.9573000	0.018368957	-5.360457E+001	0.018368957	1.431118E+001	0.018368957	3.018393E-001
77	0.018518493	1.431048E+001	111.4257000	0.018518493	-5.340256E+001	0.018518493	1.431048E+001	0.018518493	3.442268E-001
78	0.018669245	1.431234E+001	110.8862000	0.018669245	-5.367057E+001	0.018669245	1.431234E+001	0.018669245	3.831285E-001
79	0.018821225	1.431944E+001	110.3450000	0.018821225	-5.377762E+001	0.018821225	1.431944E+001	0.018821225	4.229344E-001
80	0.018974442	1.432311E+001	109.8008000	0.018974442	-5.286298E+001	0.018974442	1.432311E+001	0.018974442	4.652337E-001
81	0.019128906	1.428371E+001	109.4463000	0.019128906	-5.251156E+001	0.019128906	1.428371E+001	0.019128906	3.704404E-001
82	0.019284628	1.428609E+001	108.8791000	0.019284628	-5.393096E+001	0.019284628	1.428609E+001	0.019284628	4.094563E-001
83	0.019441617	1.429027E+001	108.2963000	0.019441617	-5.239310E+001	0.019441617	1.429027E+001	0.019441617	4.587692E-001
84	0.019599885	1.429514E+001	107.7877000	0.019599885	-5.449682E+001	0.019599885	1.429514E+001	0.019599885	5.014214E-001
85	0.019759441	1.432700E+001	106.9768000	0.019759441	-5.144936E+001	0.019759441	1.432700E+001	0.019759441	6.769644E-001
86	0.019920295	1.433322E+001	106.3862000	0.019920295	-5.394169E+001	0.019920295	1.433322E+001	0.019920295	7.179581E-001
87	0.020082460	1.433292E+001	105.7710000	0.020082460	-5.377381E+001	0.020082460	1.433292E+001	0.020082460	7.630419E-001
88	0.020245944	1.433531E+001	105.1762000	0.020245944	-5.083781E+001	0.020245944	1.433531E+001	0.020245944	8.090039E-001
89	0.020410759	1.433495E+001	104.5816000	0.020410759	-5.200203E+001	0.020410759	1.433495E+001	0.020410759	8.460782E-001
90	0.020576916	1.433935E+001	104.0162000	0.020576916	-5.242973E+001	0.020576916	1.433935E+001	0.020576916	8.882659E-001
91	0.020744425	1.434137E+001	103.4107000	0.020744425	-5.229560E+001	0.020744425	1.434137E+001	0.020744425	9.265646E-001
92	0.020913298	1.434443E+001	102.7760000	0.020913298	-5.239248E+001	0.020913298	1.434443E+001	0.020913298	9.743962E-001
93	0.021083546	1.434400E+001	102.1667000	0.021083546	-5.170273E+001	0.021083546	1.434400E+001	0.021083546	1.014894E+000
94	0.021255180	1.435382E+001	101.5676000	0.021255180	-5.357959E+001	0.021255180	1.435382E+001	0.021255180	1.060428E+000
95	0.021428211	1.434958E+001	100.9561000	0.021428211	-5.308963E+001	0.021428211	1.434958E+001	0.021428211	1.095404E+000
96	0.021602651	1.435383E+001	100.3264000	0.021602651	-5.112243E+001	0.021602651	1.435383E+001	0.021602651	1.136985E+000
97	0.021778510	1.435607E+001	99.6829500	0.021778510	-5.129756E+001	0.021778510	1.435607E+001	0.021778510	1.187008E+000
98	0.021955802	1.436137E+001	99.0557300	0.021955802	-5.136058E+001	0.021955802	1.436137E+001	0.021955802	1.221853E+000
99	0.022134536	1.436511E+001	98.4014000	0.022134536	-5.271906E+001	0.022134536	1.436511E+001	0.022134536	1.259218E+000
100	0.022314726	1.436351E+001	97.7859600	0.022314726	-5.124216E+001	0.022314726	1.436351E+001	0.022314726	1.300588E+000
101	0.022496382	1.436871E+001	97.1211700	0.022496382	-5.130774E+001	0.022496382	1.436871E+001	0.022496382	1.338191E+000
102	0.022679517	1.436827E+001	96.4793300	0.022679517	-5.027327E+001	0.022679517	1.436827E+001	0.022679517	1.381448E+000
103	0.022864143	1.437400E+001	95.8403900	0.022864143	-5.029444E+001	0.022864143	1.437400E+001	0.022864143	1.409677E+000
104	0.023050272	1.438288E+001	95.1958800	0.023050272	-5.090216E+001	0.023050272	1.438288E+001	0.023050272	1.455672E+000
105	0.023237916	1.438571E+001	94.5330700	0.023237916	-4.978680E+001	0.023237916	1.438571E+001	0.023237916	1.486306E+000
106	0.023427088	1.439080E+001	93.9081100	0.023427088	-4.999903E+001	0.023427088	1.439080E+001	0.023427088	1.518281E+000
107	0.023617800	1.439857E+001	93.2127500	0.023617800	-5.186187E+001	0.023617800	1.439857E+001	0.023617800	1.556090E+000
108	0.023810064	1.440192E+001	92.5399800	0.023810064	-5.088360E+001	0.023810064	1.440192E+001	0.023810064	1.588580E+000
109	0.024003893	1.441077E+001	91.8687500	0.024003893	-5.101988E+001	0.024003893	1.441077E+001	0.024003893	1.624435E+000
110	0.024199301	1.441181E+001	91.1409800	0.024199301	-5.100887E+001	0.024199301	1.441181E+001	0.024199301	1.665389E+000
111	0.024396299	1.441792E+001	90.4347100	0.024396299	-5.013029E+001	0.024396299	1.441792E+001	0.024396299	1.701242E+000
112	0.024594901	1.442467E+001	89.7150300	0.024594901	-5.038349E+001	0.024594901	1.442467E+001	0.024594901	1.747931E+000
113	0.024795119	1.443308E+001	89.0025100	0.024795119	-4.972273E+001	0.024795119	1.443308E+001	0.024795119	1.789629E+000
114	0.024996967	1.443671E+001	88.2775100	0.024996967	-5.134048E+001	0.024996967	1.443671E+001	0.024996967	1.833679E+000
115	0.025200459	1.444038E+001	87.4880400	0.025200459	-4.990654E+001	0.025200459	1.444038E+001	0.025200459	1.892595E+000
116	0.025405607	1.445187E+001	86.7664200	0.025405607	-5.052948E+001	0.025405607	1.445187E+001	0.025405607	1.942854E+000
117	0.025612425	1.445444E+001	85.9801900	0.025612425	-5.085937E+001	0.025612425	1.445444E+001	0.025612425	2.006257E+000
118	0.025820927	1.446487E+001	85.2414600	0.025820927	-4.975163E+001	0.025820927	1.446487E+001	0.025820927	2.054183E+000
119	0.026031126	1.446308E+001	84.4232300	0.026031126	-4.912873E+001	0.026031126	1.446308E+001	0.026031126	2.111624E+000
120	0.026243037	1.447156E+001	83.6665000	0.026243037	-4.974726E+001	0.026243037	1.447156E+001	0.026243037	2.174048E+000
121	0.026456672	1.447320E+001	82.9119000	0.026456672	-5.071638E+001	0.026456672	1.447320E+001	0.026456672	2.226002E+000
122	0.026672046	1.448344E+001	82.0791600	0.026672046	-4.960373E+001	0.026672046	1.448344E+001	0.026672046	2.285676E+000
123	0.026889174	1.448689E+001	81.2810000	0.026889174	-4.955520E+001	0.026889174	1.448689E+001	0.026889174	2.334882E+000
124	0.027108070	1.449796E+001	80.5004100	0.027108070	-5.034935E+001	0.027108070	1.449796E+001	0.027108070	2.389310E+000
125	0.027328747	1.450087E+001	79.6656600	0.027328747	-5.072937E+001	0.027328747	1.450087E+001	0.027328747	2.438614E+000
126	0.027551221	1.450030E+001	78.8545700	0.027551221	-5.054256E+001	0.027551221	1.450030E+001	0.027551221	2.495517E+000
127	0.027775506	1.451002E+001	78.0095800	0.027775506	-5.013446E+001	0.027775506	1.451002E+001	0.027775506	2.549901E+000
128	0.028001616	1.451615E+001	77.1796900	0.028001616	-4.873514E+001	0.028001616	1.451615E+001	0.028001616	2.603536E+000
129	0.028229568	1.451860E+001	76.3699500	0.028229568	-4.943341E+001	0.028229568	1.451860E+001	0.028229568	2.644094E+000
130	0.028459375	1.452262E+001	75.5101400	0.028459375	-4.977869E+001	0.028459375	1.452262E+001	0.028459375	2.697321E+000
131	0.028691052	1.453115E+001	74.6504700	0.028691052	-4.987146E+001	0.028691052	1.453115E+001	0.028691052	2.750813E+000
132	0.028924616	1.453692E+001	73.8016100	0.028924616	-5.070508E+001	0.028924616	1.453692E+001	0.028924616	2.806554E+000
133	0.029160081	1.454046E+001	72.9296100	0.029160081	-4.910634E+001	0.029160081	1.454046E+001	0.029160081	2.852324E+000
134	0.029397463	1.454253E+001	72.0254500	0.029397463	-4.969479E+001	0.029397463	1.454253E+001	0.029397463	2.900610E+000
135	0.029636778	1.454930E+001	71.1536400	0.029636778	-4.847059E+001	0.029636778	1.454930E+001	0.029636778	2.949755E+000
136	0.029878041	1.455840E+001	70.2504700	0.029878041	-4.840579E+001	0.029878041	1.455840E+001	0.029878041	3.002295E+000
137	0.030121267	1.455978E+001	69.3703500	0.030121267	-4.881580E+001	0.030121267	1.455978E+001	0.030121267	3.050665E+000
138	0.030366474	1.457149E+001	68.4152700	0.030366474	-4.922509E+001	0.030366474	1.457149E+001	0.030366474	3.103149E+000
139	0.030613677	1.457281E+001	67.5482300	0.030613677	-4.831860E+001	0.030613677	1.457281E+001	0.030613677	3.147333E+000
140	0.030862892	1.458371E+001	66.6306700	0.030862892	-4.890276E+001	0.030862892	1.458371E+001	0.030862892	3.195715E+000
141	0.031114136	1.458634E+001	65.6920500	0.031114136	-4.817863E+001	0.031114136	1.458634E+001	0.031114136	3.247974E+000
142	0.031367425	1.459194E+001	64.7267800	0.031367425	-4.782837E+001	0.031367425	1.459194E+001	0.031367425	3.297483E+000
143	0.031622777	1.460591E+001	63.7806900	0.031622777	-4.899298E+001	0.031622777	1.460591E+001	0.031622777	3.350702E+000
144	0.031880207	1.460372E+001	62.8501200	0.031880207	-4.907449E+001	0.031880207	1.460372E+001	0.031880207	3.397555E+000
145	0.032139732	1.461546E+001	61.8873300	0.032139732	-4.852291E+001	0.032139732	1.461546E+001	0.032139732	3.441576E+000
146	0.032401371	1.462062E+001	60.8997500	0.032401371	-4.854770E+001	0.032401371	1.462062E+001	0.032401371	3.491047E+000
147	0.032665139	1.462479E+001	59.9191600	0.032665139	-4.807277E+001	0.032665139	1.462479E+001	0.032665139	3.539190E+000
148	0.032931054	1.463287E+001	58.9386100	0.032931054	-4.880735E+001	0.032931054	1.463287E+001	0.032931054	3.590645E+000
149	0.033199134	1.464130E+001	57.9580700	0.033199134	-4.769413E+001	0.033199134	1.464130E+001	0.033199134	3.639719E+000
150	0.033469397	1.465090E+001	56.9407200	0.033469397	-4.704031E+001	0.033469397	1.465090E+001	0.033469397	3.686814E+000
151	0.033741860	1.465496E+001	55.9271600	0.033741860	-4.700842E+001	0.033741860	1.465496E+001	0.033741860	3.730770E+000
152	0.034016540	1.466010E+001	54.9522400	0.034016540	-4.737312E+001	0.034016540	1.466010E+001	0.034016540	3.781883E+000
153	0.034293457	1.466530E+001	53.8863600	0.034293457	-4.861409E+001	0.034293457	1.466530E+001	0.034293457	3.834668E+000
154	0.034572628	1.467928E+001	52.8465300	0.034572628	-4.737908E+001	0.034572628	1.467928E+001	0.034572628	3.876511E+000
155	0.034854072	1.468569E+001	51.8222100	0.034854072	-4.786446E+001	0.034854072	1.468569E+001	0.034854072	3.927466E+000
156	0.035137807	1.469156E+001	50.7584300	0.035137807	-4.697506E+001	0.035137807	1.469156E+001	0.035137807	3.975768E+000
157	0.035423851	1.469774E+001	49.6392600	0.035423851	-4.714420E+001	0.035423851	1.469774E+001	0.035423851	4.017686E+000
158	0.035712224	1.470218E+001	48.6187400	0.035712224	-4.705042E+001	0.035712224	1.470218E+001	0.035712224	4.065290E+000
159	0.036002945	1.471618E+001	47.5053900	0.036002945	-4.687263E+001	0.036002945	1.471618E+001	0.036002945	4.113580E+000
160	0.036296032	1.472346E+001	46.4112000	0.036296032	-4.679067E+001	0.036296032	1.472346E+001	0.036296032	4.167520E+000
161	0.036591506	1.472853E+001	45.3279800	0.036591506	-4.632429E+001	0.036591506	1.472853E+001	0.036591506	4.209507E+000
162	0.036889384	1.473726E+001	44.2434100	0.036889384	-4.757652E+001	0.036889384	1.473726E+001	0.036889384	4.256573E+000
163	0.037189688	1.474695E+001	43.0699500	0.037189688	-4.787556E+001	0.037189688	1.474695E+001	0.037189688	4.293137E+000
164	0.037492436	1.475120E+001	41.9694300	0.037492436	-4.733327E+001	0.037492436	1.475120E+001	0.037492436	4.349049E+000
165	0.037797649	1.476323E+001	40.8517700	0.037797649	-4.654300E+001	0.037797649	1.476323E+001	0.037797649	4.393089E+000
166	0.038105347	1.476697E+001	39.6638900	0.038105347	-4.590498E+001	0.038105347	1.476697E+001	0.038105347	4.435891E+000
167	0.038415549	1.477884E+001	38.5127000	0.038415549	-4.670200E+001	0.038415549	1.477884E+001	0.038415549	4.484020E+000
168	0.038728276	1.478872E+001	37.3235300	0.038728276	-4.629480E+001	0.038728276	1.478872E+001	0.038728276	4.527508E+000
169	0.039043550	1.479682E+001	36.1755900	0.039043550	-4.635235E+001	0.039043550	1.479682E+001	0.039043550	4.567647E+000
170	0.039361390	1.480777E+001	34.9679100	0.039361390	-4.598232E+001	0.039361390	1.480777E+001	0.039361390	4.612365E+000
171	0.039681817	1.481153E+001	33.7669100	0.039681817	-4.671319E+001	0.039681817	1.481153E+001	0.039681817	4.653709E+000
172	0.040004853	1.482495E+001	32.5388400	0.040004853	-4.617231E+001	0.040004853	1.482495E+001	0.040004853	4.692012E+000
173	0.040330518	1.483061E+001	31.3332900	0.040330518	-4.599844E+001	0.040330518	1.483061E+001	0.040330518	4.735795E+000
174	0.040658835	1.484371E+001	30.0880200	0.040658835	-4.615808E+001	0.040658835	1.484371E+001	0.040658835	4.775429E+000
175	0.040989824	1.484985E+001	28.8505500	0.040989824	-4.587930E+001	0.040989824	1.484985E+001	0.040989824	4.822783E+000
176	0.041323508	1.486128E+001	27.5799000	0.041323508	-4.586525E+001	0.041323508	1.486128E+001	0.041323508	4.857349E+000
177	0.041659908	1.487152E+001	26.3337500	0.041659908	-4.615590E+001	0.041659908	1.487152E+001	0.041659908	4.900248E+000
178	0.041999047	1.488211E+001	25.0587500	0.041999047	-4.559300E+001	0.041999047	1.488211E+001	0.041999047	4.941747E+000
179	0.042340947	1.489428E+001	23.7529600	0.042340947	-4.518856E+001	0.042340947	1.489428E+001	0.042340947	4.982595E+000
180	0.042685629	1.490019E+001	22.4149100	0.042685629	-4.570809E+001	0.042685629	1.490019E+001	0.042685629	5.023527E+000
181	0.043033118	1.490899E+001	21.1301000	0.043033118	-4.464561E+001	0.043033118	1.490899E+001	0.043033118	5.063443E+000
182	0.043383436	1.492128E+001	19.7702400	0.043383436	-4.498204E+001	0.043383436	1.492128E+001	0.043383436	5.100976E+000
183	0.043736605	1.493530E+001	18.4291400	0.043736605	-4.483135E+001	0.043736605	1.493530E+001	0.043736605	5.143334E+000
184	0.044092650	1.494759E+001	17.1055900	0.044092650	-4.567650E+001	0.044092650	1.494759E+001	0.044092650	5.184383E+000
185	0.044451592	1.495664E+001	15.7100600	0.044451592	-4.530389E+001	0.044451592	1.495664E+001	0.044451592	5.220416E+000
186	0.044813457	1.496776E+001	14.3695100	0.044813457	-4.532333E+001	0.044813457	1.496776E+001	0.044813457	5.261996E+000
187	0.045178268	1.498042E+001	12.9693500	0.045178268	-4.520142E+001	0.045178268	1.498042E+001	0.045178268	5.302088E+000
188	0.045546048	1.498785E+001	11.5733300	0.045546048	-4.488265E+001	0.045546048	1.498785E+001	0.045546048	5.340515E+000
189	0.045916823	1.500078E+001	10.1644600	0.045916823	-4.500395E+001	0.045916823	1.500078E+001	0.045916823	5.380716E+000
190	0.046290616	1.501100E+001	8.7091090	0.046290616	-4.365092E+001	0.046290616	1.501100E+001	0.046290616	5.419535E+000
191	0.046667451	1.501699E+001	7.2430860	0.046667451	-4.443100E+001	0.046667451	1.501699E+001	0.046667451	5.454492E+000
192	0.047047355	1.503099E+001	5.8058930	0.047047355	-4.365289E+001	0.047047355	1.503099E+001	0.047047355	5.492822E+000
193	0.047430351	1.504453E+001	4.3530500	0.047430351	-4.403866E+001	0.047430351	1.504453E+001	0.047430351	5.529282E+000
194	0.047816465	1.505668E+001	2.8564420	0.047816465	-4.417905E+001	0.047816465	1.505668E+001	0.047816465	5.561059E+000
195	0.048205722	1.506959E+001	1.3027590	0.048205722	-4.386070E+001	0.048205722	1.506959E+001	0.048205722	5.597992E+000
196	0.048598148	1.508097E+001	-0.1522059	0.048598148	-4.352723E+001	0.048598148	1.508097E+001	0.048598148	5.635587E+000
197	0.048993768	1.509555E+001	-1.7383060	0.048993768	-4.408260E+001	0.048993768	1.509555E+001	0.048993768	5.666105E+000
198	0.049392610	1.510348E+001	-3.2709270	0.049392610	-4.368539E+001	0.049392610	1.510348E+001	0.049392610	5.701913E+000
199	0.049794698	1.511813E+001	-4.8123810	0.049794698	-4.392835E+001	0.049794698	1.511813E+001	0.049794698	5.730927E+000
200	0.050200059	1.512467E+001	-6.4110290	0.050200059	-4.409146E+001	0.050200059	1.512467E+001	0.050200059	5.763242E+000
201	0.050608720	1.514293E+001	-8.0098530	0.050608720	-4.382561E+001	0.050608720	1.514293E+001	0.050608720	5.795982E+000
202	0.051020708	1.515608E+001	-9.6259670	0.051020708	-4.352240E+001	0.051020708	1.515608E+001	0.051020708	5.825366E+000
203	0.051436050	1.516888E+001	-11.2656500	0.051436050	-4.304333E+001	0.051436050	1.516888E+001	0.051436050	5.856528E+000
204	0.051854772	1.518344E+001	-12.8624400	0.051854772	-4.299612E+001	0.051854772	1.518344E+001	0.051854772	5.884590E+000
205	0.052276904	1.518955E+001	-14.5383400	0.052276904	-4.352592E+001	0.052276904	1.518955E+001	0.052276904	5.913267E+000
206	0.052702472	1.520034E+001	-16.2283200	0.052702472	-4.321926E+001	0.052702472	1.520034E+001	0.052702472	5.933659E+000
207	0.053131504	1.521443E+001	-17.9016200	0.053131504	-4.213978E+001	0.053131504	1.521443E+001	0.053131504	5.966451E+000
208	0.053564029	1.522550E+001	-19.6011800	0.053564029	-4.281586E+001	0.053564029	1.522550E+001	0.053564029	5.985367E+000
209	0.054000075	1.523883E+001	-21.2961000	0.054000075	-4.341600E+001	0.054000075	1.523883E+001	0.054000075	6.010311E+000
210	0.054439671	1.525041E+001	-23.0460100	0.054439671	-4.295855E+001	0.054439671	1.525041E+001	0.054439671	6.038433E+000
211	0.054882845	1.525836E+001	-24.7902900	0.054882845	-4.288342E+001	0.054882845	1.525836E+001	0.054882845	6.057872E+000
212	0.055329628	1.527421E+001	-26.5819300	0.055329628	-4.236020E+001	0.055329628	1.527421E+001	0.055329628	6.072908E+000
213	0.055780047	1.529052E+001	-28.3468900	0.055780047	-4.251663E+001	0.055780047	1.529052E+001	0.055780047	6.093193E+000
214	0.056234133	1.529935E+001	-30.1460000	0.056234133	-4.291267E+001	0.056234133	1.529935E+001	0.056234133	6.115279E+000
215	0.056691915	1.531375E+001	-31.9651900	0.056691915	-4.226818E+001	0.056691915	1.531375E+001	0.056691915	6.126949E+000
216	0.057153424	1.532496E+001	-33.7851800	0.057153424	-4.248549E+001	0.057153424	1.532496E+001	0.057153424	6.142937E+000
217	0.057618690	1.533952E+001	-35.6524300	0.057618690	-4.175637E+001	0.057618690	1.533952E+001	0.057618690	6.156509E+000
218	0.058087744	1.535106E+001	-37.5317800	0.058087744	-4.181078E+001	0.058087744	1.535106E+001	0.058087744	6.169042E+000
219	0.058560616	1.536812E+001	-39.3938400	0.058560616	-4.235943E+001	0.058560616	1.536812E+001	0.058560616	6.177567E+000
220	0.059037337	1.537513E+001	-41.2835600	0.059037337	-4.229483E+001	0.059037337	1.537513E+001	0.059037337	6.179318E+000
221	0.059517939	1.538954E+001	-43.2362300	0.059517939	-4.185811E+001	0.059517939	1.538954E+001	0.059517939	6.188030E+000
222	0.060002454	1.540441E+001	-45.1982700	0.060002454	-4.140895E+001	0.060002454	1.540441E+001	0.060002454	6.192570E+000
223	0.060490913	1.540878E+001	-47.1345000	0.060490913	-4.135868E+001	0.060490913	1.540878E+001	0.060490913	6.196542E+000
224	0.060983349	1.542324E+001	-49.1704500	0.060983349	-4.139877E+001	0.060983349	1.542324E+001	0.060983349	6.189273E+000
225	0.061479793	1.543532E+001	-51.1874800	0.061479793	-4.146841E+001	0.061479793	1.543532E+001	0.061479793	6.197114E+000
226	0.061980278	1.544780E+001	-53.1666600	0.061980278	-4.117913E+001	0.061980278	1.544780E+001	0.061980278	6.186409E+000
227	0.062484838	1.545914E+001	-55.2625500	0.062484838	-4.145478E+001	0.062484838	1.545914E+001	0.062484838	6.183607E+000
228	0.062993505	1.547025E+001	-57.2867300	0.062993505	-4.125957E+001	0.062993505	1.547025E+001	0.062993505	6.171264E+000
229	0.063506313	1.548462E+001	-59.4384700	0.063506313	-4.051086E+001	0.063506313	1.548462E+001	0.063506313	6.165226E+000
230	0.064023296	1.549333E+001	-61.5691400	0.064023296	-4.095205E+001	0.064023296	1.549333E+001	0.064023296	6.146101E+000
231	0.064544487	1.550009E+001	-63.6667100	0.064544487	-4.100462E+001	0.064544487	1.550009E+001	0.064544487	6.126833E+000
232	0.065069921	1.551503E+001	-65.8510600	0.065069921	-4.112918E+001	0.065069921	1.551503E+001	0.065069921	6.109517E+000
233	0.065599633	1.552263E+001	-68.0418300	0.065599633	-4.061514E+001	0.065599633	1.552263E+001	0.065599633	6.089968E+000
234	0.066133656	1.553281E+001	-70.2475700	0.066133656	-4.062748E+001	0.066133656	1.553281E+001	0.066133656	6.063149E+000
235	0.066672027	1.554007E+001	-72.4889600	0.066672027	-4.058434E+001	0.066672027	1.554007E+001	0.066672027	6.032848E+000
236	0.067214781	1.554958E+001	-74.7821600	0.067214781	-4.064227E+001	0.067214781	1.554958E+001	0.067214781	6.001730E+000
237	0.067761953	1.555583E+001	-77.0539200	0.067761953	-4.016027E+001	0.067761953	1.555583E+001	0.067761953	5.968659E+000
238	0.068313580	1.556968E+001	-79.3541900	0.068313580	-4.053551E+001	0.068313580	1.556968E+001	0.068313580	5.923344E+000
239	0.068869696	1.557237E+001	-81.6605800	0.068869696	-4.006092E+001	0.068869696	1.557237E+001	0.068869696	5.878795E+000
240	0.069430341	1.557466E+001	-84.0316500	0.069430341	-3.987601E+001	0.069430341	1.557466E+001	0.069430341	5.835628E+000
241	0.069995549	1.557641E+001	-86.4231400	0.069995549	-4.014201E+001	0.069995549	1.557641E+001	0.069995549	5.782939E+000
242	0.070565358	1.558367E+001	-88.8572400	0.070565358	-3.969823E+001	0.070565358	1.558367E+001	0.070565358	5.726362E+000
243	0.071139806	1.558988E+001	-91.2691700	0.071139806	-3.989590E+001	0.071139806	1.558988E+001	0.071139806	5.666393E+000
244	0.071718930	1.559403E+001	-93.7328600	0.071718930	-3.967569E+001	0.071718930	1.559403E+001	0.071718930	5.593571E+000
245	0.072302769	1.559027E+001	-96.2149700	0.072302769	-3.968233E+001	0.072302769	1.559027E+001	0.072302769	5.530339E+000
246	0.072891361	1.558891E+001	-98.7411800	0.072891361	-3.935799E+001	0.072891361	1.558891E+001	0.072891361	5.447676E+000
247	0.073484744	1.558480E+001	-101.3178000	0.073484744	-3.949512E+001	0.073484744	1.558480E+001	0.073484744	5.368448E+000
248	0.074082957	1.558313E+001	-103.8663000	0.074082957	-3.932611E+001	0.074082957	1.558313E+001	0.074082957	5.281489E+000
249	0.074686041	1.557701E+001	-106.4749000	0.074686041	-3.928357E+001	0.074686041	1.557701E+001	0.074686041	5.186028E+000
250	0.075294034	1.557661E+001	-109.1353000	0.075294034	-3.928380E+001	0.075294034	1.557661E+001	0.075294034	5.091264E+000
251	0.075906976	1.556553E+001	-111.8296000	0.075906976	-3.932417E+001	0.075906976	1.556553E+001	0.075906976	4.978608E+000
252	0.076524908	1.556120E+001	-114.4876000	0.076524908	-3.923430E+001	0.076524908	1.556120E+001	0.076524908	4.867389E+000
253	0.077147871	1.554869E+001	-117.1852000	0.077147871	-3.928439E+001	0.077147871	1.554869E+001	0.077147871	4.745769E+000
254	0.077775904	1.554066E+001	-119.8959000	0.077775904	-3.892088E+001	0.077775904	1.554066E+001	0.077775904	4.617193E+000
255	0.078409051	1.552117E+001	-122.6209000	0.078409051	-3.925356E+001	0.078409051	1.552117E+001	0.078409051	4.479817E+000
256	0.079047352	1.550313E+001	-125.4390000	0.079047352	-3.928276E+001	0.079047352	1.550313E+001	0.079047352	4.338789E+000
257	0.079690848	1.548498E+001	-128.2114000	0.079690848	-3.945807E+001	0.079690848	1.548498E+001	0.079690848	4.185676E+000
258	0.080339584	1.546722E+001	-131.0517000	0.080339584	-3.840808E+001	0.080339584	1.546722E+001	0.080339584	4.020896E+000
259	0.080993600	1.544309E+001	-133.9229000	0.080993600	-3.877575E+001	0.080993600	1.544309E+001	0.080993600	3.850542E+000
260	0.081652941	1.541367E+001	-136.8261000	0.081652941	-3.865099E+001	0.081652941	1.541367E+001	0.081652941	3.673106E+000
261	0.082317649	1.538239E+001	-139.7625000	0.082317649	-3.872881E+001	0.082317649	1.538239E+001	0.082317649	3.476721E+000
262	0.082987768	1.534987E+001	-142.7151000	0.082987768	-3.858833E+001	0.082987768	1.534987E+001	0.082987768	3.276471E+000
263	0.083663342	1.531488E+001	-145.7184000	0.083663342	-3.830770E+001	0.083663342	1.531488E+001	0.083663342	3.055464E+000
264	0.084344416	1.527667E+001	-148.7489000	0.084344416	-3.864644E+001	0.084344416	1.527667E+001	0.084344416	2.834445E+000
265	0.085031035	1.523489E+001	-151.7629000	0.085031035	-3.815093E+001	0.085031035	1.523489E+001	0.085031035	2.592895E+000
266	0.085723243	1.519256E+001	-154.8100000	0.085723243	-3.824026E+001	0.085723243	1.519256E+001	0.085723243	2.343998E+000
267	0.086421086	1.514252E+001	-157.8798000	0.086421086	-3.828678E+001	0.086421086	1.514252E+001	0.086421086	2.075442E+000
268	0.087124610	1.509008E+001	-161.0086000	0.087124610	-3.832255E+001	0.087124610	1.509008E+001	0.087124610	1.790651E+000
269	0.087833861	1.503709E+001	-164.0929000	0.087833861	-3.843702E+001	0.087833861	1.503709E+001	0.087833861	1.493330E+000
270	0.088548885	1.498205E+001	-167.2061000	0.088548885	-3.796112E+001	0.088548885	1.498205E+001	0.088548885	1.187399E+000
271	0.089269731	1.492269E+001	-170.3479000	0.089269731	-3.811774E+001	0.089269731	1.492269E+001	0.089269731	8.477507E-001
272	0.089996445	1.485859E+001	-173.5406000	0.089996445	-3.834452E+001	0.089996445	1.485859E+001	0.089996445	5.029129E-001
273	0.090729074	1.478834E+001	-176.7215000	0.090729074	-3.847018E+001	0.090729074	1.478834E+001	0.090729074	1.281479E-001
274	0.091467668	1.471779E+001	-179.9780000	0.091467668	-3.798029E+001	0.091467668	1.471779E+001	0.091467668	-2.695835E-001
275	0.092212274	1.464367E+001	176.7813000	0.092212274	-3.800189E+001	0.092212274	1.464367E+001	0.092212274	-6.841498E-001
276	0.092962942	1.456304E+001	173.5002000	0.092962942	-3.854990E+001	0.092962942	1.456304E+001	0.092962942	-1.121110E+000
277	0.093719721	1.448323E+001	170.1950000	0.093719721	-3.807614E+001	0.093719721	1.448323E+001	0.093719721	-1.577387E+000
278	0.094482660	1.439789E+001	166.9187000	0.094482660	-3.837020E+001	0.094482660	1.439789E+001	0.094482660	-2.067947E+000
279	0.095251811	1.430667E+001	163.5891000	0.095251811	-3.840996E+001	0.095251811	1.430667E+001	0.095251811	-2.581597E+000
280	0.096027222	1.421499E+001	160.2643000	0.096027222	-3.807066E+001	0.096027222	1.421499E+001	0.096027222	-3.125058E+000
281	0.096808946	1.412042E+001	156.9384000	0.096808946	-3.828204E+001	0.096808946	1.412042E+001	0.096808946	-3.696895E+000
282	0.097597034	1.401490E+001	153.5848000	0.097597034	-3.805190E+001	0.097597034	1.401490E+001	0.097597034	-4.283195E+000
283	0.098391537	1.391306E+001	150.2298000	0.098391537	-3.809749E+001	0.098391537	1.391306E+001	0.098391537	-4.890344E+000
284	0.099192508	1.381112E+001	146.8971000	0.099192508	-3.817506E+001	0.099192508	1.381112E+001	0.099192508	-5.521774E+000
285	0.100000000	1.369512E+001	143.5792000	0.100000000	-3.801848E+001	0.100000000	1.369512E+001	0.100000000	-6.141509E+000
286	0.100814065	1.358644E+001	140.2112000	0.100814065	-3.858729E+001	0.100814065	1.358644E+001	0.100814065	-6.746640E+000
287	0.101634757	1.347269E+001	136.8737000	0.101634757	-3.818692E+001	0.101634757	1.347269E+001	0.101634757	-7.296846E+000
288	0.102462130	1.335595E+001	133.5255000	0.102462130	-3.831677E+001	0.102462130	1.335595E+001	0.102462130	-7.768025E+000
289	0.103296238	1.323526E+001	130.1194000	0.103296238	-3.826566E+001	0.103296238	1.323526E+001	0.103296238	-8.116204E+000
290	0.104137137	1.310801E+001	126.7610000	0.104137137	-3.846524E+001	0.104137137	1.310801E+001	0.104137137	-8.310896E+000
291	0.104984881	1.297784E+001	123.3778000	0.104984881	-3.820362E+001	0.104984881	1.297784E+001	0.104984881	-8.301367E+000
292	0.105839526	1.284537E+001	119.9378000	0.105839526	-3.824330E+001	0.105839526	1.284537E+001	0.105839526	-8.106749E+000
293	0.106701129	1.271501E+001	116.5349000	0.106701129	-3.834663E+001	0.106701129	1.271501E+001	0.106701129	-7.754213E+000
294	0.107569745	1.258452E+001	113.0492000	0.107569745	-3.847877E+001	0.107569745	1.258452E+001	0.107569745	-7.272432E+000
295	0.108445433	1.244677E+001	109.5672000	0.108445433	-3.804996E+001	0.108445433	1.244677E+001	0.108445433	-6.709168E+000
296	0.109328249	1.231627E+001	106.0954000	0.109328249	-3.855811E+001	0.109328249	1.231627E+001	0.109328249	-6.077665E+000
297	0.110218253	1.217580E+001	102.6184000	0.110218253	-3.862940E+001	0.110218253	1.217580E+001	0.110218253	-5.438791E+000
298	0.111115501	1.203567E+001	99.1151200	0.111115501	-3.872238E+001	0.111115501	1.203567E+001	0.111115501	-4.796448E+000
299	0.112020053	1.190082E+001	95.7132900	0.112020053	-3.845765E+001	0.112020053	1.190082E+001	0.112020053	-4.157742E+000
300	0.112931969	1.175642E+001	92.2723000	0.112931969	-3.880255E+001	0.112931969	1.175642E+001	0.112931969	-3.556297E+000
301	0.113851309	1.161506E+001	88.7853600	0.113851309	-3.871257E+001	0.113851309	1.161506E+001	0.113851309	-2.962649E+000
302	0.114778133	1.146343E+001	85.3302800	0.114778133	-3.845324E+001	0.114778133	1.146343E+001	0.114778133	-2.400772E+000
303	0.115712501	1.131349E+001	81.8940100	0.115712501	-3.826332E+001	0.115712501	1.131349E+001	0.115712501	-1.861721E+000
304	0.116654476	1.117173E+001	78.4172300	0.116654476	-3.858895E+001	0.116654476	1.117173E+001	0.116654476	-1.348287E+000
305	0.117604120	1.101837E+001	75.0633700	0.117604120	-3.864070E+001	0.117604120	1.101837E+001	0.117604120	-8.604749E-001
306	0.118561494	1.087102E+001	71.6006000	0.118561494	-3.866428E+001	0.118561494	1.087102E+001	0.118561494	-3.953249E-001
307	0.119526661	1.072479E+001	68.1227900	0.119526661	-3.877829E+001	0.119526661	1.072479E+001	0.119526661	5.193696E-002
308	0.120499686	1.057557E+001	64.6704900	0.120499686	-3.886928E+001	0.120499686	1.057557E+001	0.120499686	4.724678E-001
309	0.121480632	1.043059E+001	61.1935900	0.121480632	-3.904612E+001	0.121480632	1.043059E+001	0.121480632	8.747130E-001
310	0.122469563	1.028449E+001	57.7044100	0.122469563	-3.894407E+001	0.122469563	1.028449E+001	0.122469563	1.257822E+000
311	0.123466545	1.013777E+001	54.1770600	0.123466545	-3.907932E+001	0.123466545	1.013777E+001	0.123466545	1.622422E+000
312	0.124471643	9.991976E+000	50.5843400	0.124471643	-3.888357E+001	0.124471643	9.991976E+000	0.124471643	1.975263E+000
313	0.125484923	9.843997E+000	46.9853900	0.125484923	-3.892560E+001	0.125484923	9.843997E+000	0.125484923	2.303893E+000
314	0.126506452	9.697541E+000	43.4209900	0.126506452	-3.919829E+001	0.126506452	9.697541E+000	0.126506452	2.630093E+000
315	0.127536297	9.552756E+000	39.8224600	0.127536297	-3.919746E+001	0.127536297	9.552756E+000	0.127536297	2.930932E+000
316	0.128574525	9.401063E+000	36.1824600	0.128574525	-3.884383E+001	0.128574525	9.401063E+000	0.128574525	3.226665E+000
317	0.129621206	9.263713E+000	32.6263800	0.129621206	-3.880954E+001	0.129621206	9.263713E+000	0.129621206	3.510942E+000
318	0.130676406	9.120040E+000	28.9767200	0.130676406	-3.922368E+001	0.130676406	9.120040E+000	0.130676406	3.780030E+000
319	0.131740197	8.976324E+000	25.3488600	0.131740197	-3.907078E+001	0.131740197	8.976324E+000	0.131740197	4.043618E+000
320	0.132812648	8.833776E+000	21.6979300	0.132812648	-3.875021E+001	0.132812648	8.833776E+000	0.132812648	4.289724E+000
321	0.133893830	8.690949E+000	18.0443200	0.133893830	-3.945858E+001	0.133893830	8.690949E+000	0.133893830	4.528305E+000
322	0.134983812	8.551906E+000	14.3947400	0.134983812	-3.941358E+001	0.134983812	8.551906E+000	0.134983812	4.757397E+000
323	0.136082668	8.411224E+000	10.7140200	0.136082668	-3.919267E+001	0.136082668	8.411224E+000	0.136082668	4.976713E+000
324	0.137190470	8.272857E+000	7.0286800	0.137190470	-3.940994E+001	0.137190470	8.272857E+000	0.137190470	5.187654E+000
325	0.138307290	8.133060E+000	3.3264310	0.138307290	-3.914091E+001	0.138307290	8.133060E+000	0.138307290	5.392499E+000
326	0.139433201	8.002767E+000	-0.4186015	0.139433201	-3.927030E+001	0.139433201	8.002767E+000	0.139433201	5.589530E+000
327	0.140568278	7.866230E+000	-4.1299390	0.140568278	-3.937060E+001	0.140568278	7.866230E+000	0.140568278	5.778072E+000
328	0.141712595	7.723190E+000	-7.8932970	0.141712595	-3.950069E+001	0.141712595	7.723190E+000	0.141712595	5.953975E+000
329	0.142866228	7.585000E+000	-11.6986500	0.142866228	-3.990187E+001	0.142866228	7.585000E+000	0.142866228	6.126594E+000
330	0.144029252	7.447505E+000	-15.4509800	0.144029252	-3.953012E+001	0.144029252	7.447505E+000	0.144029252	6.291893E+000
331	0.145201743	7.314309E+000	-19.2572300	0.145201743	-4.005495E+001	0.145201743	7.314309E+000	0.145201743	6.450676E+000
332	0.146383780	7.195197E+000	-23.1024800	0.146383780	-4.005245E+001	0.146383780	7.195197E+000	0.146383780	6.595769E+000
333	0.147575439	7.064008E+000	-27.0091900	0.147575439	-3.943906E+001	0.147575439	7.064008E+000	0.147575439	6.737094E+000
334	0.148776799	6.942247E+000	-31.0328900	0.148776799	-3.982801E+001	0.148776799	6.942247E+000	0.148776799	6.877468E+000
335	0.149987939	6.814540E+000	-35.0557300	0.149987939	-3.969051E+001	0.149987939	6.814540E+000	0.149987939	7.009537E+000
336	0.151208939	6.690403E+000	-39.1138800	0.151208939	-4.017171E+001	0.151208939	6.690403E+000	0.151208939	7.131281E+000
337	0.152439878	6.566540E+000	-43.2167100	0.152439878	-3.953218E+001	0.152439878	6.566540E+000	0.152439878	7.246329E+000
338	0.153680837	6.443102E+000	-47.2886800	0.153680837	-3.971328E+001	0.153680837	6.443102E+000	0.153680837	7.360936E+000
339	0.154931899	6.320309E+000	-51.4236200	0.154931899	-3.978460E+001	0.154931899	6.320309E+000	0.154931899	7.462372E+000
340	0.156193146	6.195152E+000	-55.6472800	0.156193146	-4.017084E+001	0.156193146	6.195152E+000	0.156193146	7.561483E+000
341	0.157464660	6.068062E+000	-59.8654700	0.157464660	-3.971555E+001	0.157464660	6.068062E+000	0.157464660	7.653388E+000
342	0.158746524	5.949745E+000	-64.0783600	0.158746524	-3.981811E+001	0.158746524	5.949745E+000	0.158746524	7.740859E+000
343	0.160038824	5.821496E+000	-68.3705800	0.160038824	-4.005972E+001	0.160038824	5.821496E+000	0.160038824	7.817336E+000
344	0.161341644	5.706126E+000	-72.6717100	0.161341644	-3.996440E+001	0.161341644	5.706126E+000	0.161341644	7.892699E+000
345	0.162655070	5.574861E+000	-77.0058700	0.162655070	-4.005609E+001	0.162655070	5.574861E+000	0.162655070	7.955086E+000
346	0.163979188	5.447948E+000	-81.3793900	0.163979188	-4.023938E+001	0.163979188	5.447948E+000	0.163979188	8.018673E+000
347	0.165314086	5.321565E+000	-85.7799100	0.165314086	-3.986357E+001	0.165314086	5.321565E+000	0.165314086	8.069253E+000
348	0.166659850	5.194722E+000	-90.2244300	0.166659850	-3.995111E+001	0.166659850	5.194722E+000	0.166659850	8.112975E+000
349	0.168016569	5.070184E+000	-94.6827900	0.168016569	-4.020131E+001	0.168016569	5.070184E+000	0.168016569	8.149895E+000
350	0.169384333	4.937340E+000	-99.1916200	0.169384333	-4.004841E+001	0.169384333	4.937340E+000	0.169384333	8.179853E+000
351	0.170763232	4.805991E+000	-103.7030000	0.170763232	-4.001570E+001	0.170763232	4.805991E+000	0.170763232	8.203469E+000
352	0.172153356	4.671318E+000	-108.2636000	0.172153356	-3.988126E+001	0.172153356	4.671318E+000	0.172153356	8.222711E+000
353	0.173554796	4.539519E+000	-112.8991000	0.173554796	-4.020211E+001	0.173554796	4.539519E+000	0.173554796	8.233225E+000
354	0.174967645	4.397633E+000	-117.4803000	0.174967645	-4.025821E+001	0.174967645	4.397633E+000	0.174967645	8.231705E+000
355	0.176391995	4.258132E+000	-122.1322000	0.176391995	-3.989684E+001	0.176391995	4.258132E+000	0.176391995	8.225717E+000
356	0.177827941	4.123967E+000	-126.8244000	0.177827941	-3.972924E+001	0.177827941	4.123967E+000	0.177827941	8.216856E+000
357	0.179275576	3.993225E+000	-131.5371000	0.179275576	-4.011926E+001	0.179275576	3.993225E+000	0.179275576	8.187998E+000
358	0.180734996	3.837120E+000	-136.3320000	0.180734996	-3.995767E+001	0.180734996	3.837120E+000	0.180734996	8.158335E+000
359	0.182206296	3.691509E+000	-141.1211000	0.182206296	-4.018353E+001	0.182206296	3.691509E+000	0.182206296	8.114055E+000
360	0.183689574	3.549441E+000	-146.0618000	0.183689574	-4.002905E+001	0.183689574	3.549441E+000	0.183689574	8.066300E+000
361	0.185184927	3.409892E+000	-150.9542000	0.185184927	-4.028830E+001	0.185184927	3.409892E+000	0.185184927	8.007234E+000
362	0.186692452	3.266297E+000	-155.9580000	0.186692452	-4.025553E+001	0.186692452	3.266297E+000	0.186692452	7.943548E+000
363	0.188212250	3.127105E+000	-161.0047000	0.188212250	-4.011827E+001	0.188212250	3.127105E+000	0.188212250	7.856974E+000
364	0.189744420	2.977699E+000	-166.0445000	0.189744420	-4.054731E+001	0.189744420	2.977699E+000	0.189744420	7.765377E+000
365	0.191289063	2.824757E+000	-171.2010000	0.191289063	-4.005878E+001	0.191289063	2.824757E+000	0.191289063	7.660410E+000
366	0.192846281	2.669528E+000	-176.3121000	0.192846281	-3.988915E+001	0.192846281	2.669528E+000	0.192846281	7.552346E+000
367	0.194416175	2.511780E+000	178.5605000	0.194416175	-4.016731E+001	0.194416175	2.511780E+000	0.194416175	7.426993E+000
368	0.195998849	2.344953E+000	173.4291000	0.195998849	-4.004906E+001	0.195998849	2.344953E+000	0.195998849	7.285869E+000
369	0.197594407	2.187969E+000	168.2340000	0.197594407	-4.039984E+001	0.197594407	2.187969E+000	0.197594407	7.134680E+000
370	0.199202954	2.014043E+000	163.0078000	0.199202954	-4.042621E+001	0.199202954	2.014043E+000	0.199202954	6.974626E+000
371	0.200824596	1.846811E+000	157.8387000	0.200824596	-4.027074E+001	0.200824596	1.846811E+000	0.200824596	6.795873E+000
372	0.202459439	1.676986E+000	152.5514000	0.202459439	-4.043229E+001	0.202459439	1.676986E+000	0.202459439	6.602029E+000
373	0.204107590	1.494823E+000	147.2902000	0.204107590	-4.005528E+001	0.204107590	1.494823E+000	0.204107590	6.398005E+000
374	0.205769159	1.314214E+000	141.9977000	0.205769159	-4.066655E+001	0.205769159	1.314214E+000	0.205769159	6.174497E+000
375	0.207444253	1.123835E+000	136.7019000	0.207444253	-4.026572E+001	0.207444253	1.123835E+000	0.207444253	5.935972E+000
376	0.209132984	9.325168E-001	131.4026000	0.209132984	-4.049622E+001	0.209132984	9.325168E-001	0.209132984	5.674205E+000
377	0.210835463	7.411616E-001	126.1556000	0.210835463	-4.087558E+001	0.210835463	7.411616E-001	0.210835463	5.402894E+000
378	0.212551801	5.721895E-001	120.8393000	0.212551801	-4.051464E+001	0.212551801	5.721895E-001	0.212551801	5.104849E+000
379	0.214282111	3.885771E-001	115.4538000	0.214282111	-4.063347E+001	0.214282111	3.885771E-001	0.214282111	4.790322E+000
380	0.216026506	1.784782E-001	110.0724000	0.216026506	-4.074799E+001	0.216026506	1.784782E-001	0.216026506	4.449709E+000
381	0.217785103	-4.138241E-002	104.9751000	0.217785103	-4.072115E+001	0.217785103	-4.138241E-002	0.217785103	4.092675E+000
382	0.219558015	-1.867578E-001	99.7634500	0.219558015	-4.083797E+001	0.219558015	-1.867578E-001	0.219558015	3.711922E+000
383	0.221345360	-3.499523E-001	94.3712300	0.221345360	-4.060640E+001	0.221345360	-3.499523E-001	0.221345360	3.308823E+000
384	0.223147255	-5.282350E-001	88.9219900	0.223147255	-4.033102E+001	0.223147255	-5.282350E-001	0.223147255	2.880934E+000
385	0.224963819	-7.080060E-001	83.4061900	0.224963819	-4.110390E+001	0.224963819	-7.080060E-001	0.224963819	2.424007E+000
386	0.226795171	-9.127699E-001	78.0937100	0.226795171	-4.129303E+001	0.226795171	-9.127699E-001	0.226795171	1.954156E+000
387	0.228641431	-1.114486E+000	72.8190700	0.228641431	-4.123028E+001	0.228641431	-1.114486E+000	0.228641431	1.469060E+000
388	0.230502721	-1.266032E+000	67.5869100	0.230502721	-4.145720E+001	0.230502721	-1.266032E+000	0.230502721	9.584378E-001
389	0.232379163	-1.409691E+000	62.2647900	0.232379163	-4.095037E+001	0.232379163	-1.409691E+000	0.232379163	4.434998E-001
390	0.234270881	-1.573390E+000	56.8449900	0.234270881	-4.089304E+001	0.234270881	-1.573390E+000	0.234270881	-5.934887E-002
391	0.236177998	-1.715948E+000	51.2901100	0.236177998	-4.117809E+001	0.236177998	-1.715948E+000	0.236177998	-5.382653E-001
392	0.238100640	-1.878392E+000	45.9046200	0.238100640	-4.125680E+001	0.238100640	-1.878392E+000	0.238100640	-9.849050E-001
393	0.240038934	-1.963949E+000	40.2880600	0.240038934	-4.115480E+001	0.240038934	-1.963949E+000	0.240038934	-1.350199E+000
394	0.241993007	-2.071112E+000	34.4192800	0.241993007	-4.127394E+001	0.241993007	-2.071112E+000	0.241993007	-1.605539E+000
395	0.243962988	-2.211910E+000	28.2109800	0.243962988	-4.157999E+001	0.243962988	-2.211910E+000	0.243962988	-1.726824E+000
396	0.245949005	-2.359172E+000	22.2250500	0.245949005	-4.090754E+001	0.245949005	-2.359172E+000	0.245949005	-1.681044E+000
397	0.247951190	-2.512893E+000	16.0680400	0.247951190	-4.091002E+001	0.247951190	-2.512893E+000	0.247951190	-1.492014E+000
398	0.249969674	-2.751881E+000	9.9152880	0.249969674	-4.186810E+001	0.249969674	-2.751881E+000	0.249969674	-1.161046E+000
399	0.252004590	-2.928600E+000	4.7570750	0.252004590	-4.157486E+001	0.252004590	-2.928600E+000	0.252004590	-7.182821E-001
400	0.254056071	-3.033635E+000	-1.0703250	0.254056071	-4.202328E+001	0.254056071	-3.033635E+000	0.254056071	-1.865765E-001
401	0.256124253	-3.158114E+000	-6.7836210	0.256124253	-4.143643E+001	0.256124253	-3.158114E+000	0.256124253	4.005992E-001
402	0.258209271	-3.287881E+000	-12.6349700	0.258209271	-4.190340E+001	0.258209271	-3.287881E+000	0.258209271	1.018938E+000
403	0.260311262	-3.410191E+000	-18.0738200	0.260311262	-4.128628E+001	0.260311262	-3.410191E+000	0.260311262	1.642298E+000
404	0.262430365	-3.411008E+000	-23.7401200	0.262430365	-4.105388E+001	0.262430365	-3.411008E+000	0.262430365	2.263412E+000
405	0.264566719	-3.418665E+000	-29.9802400	0.264566719	-4.051929E+001	0.264566719	-3.418665E+000	0.264566719	2.876764E+000
406	0.266720464	-3.452619E+000	-36.4909200	0.266720464	-4.039839E+001	0.266720464	-3.452619E+000	0.266720464	3.469427E+000
407	0.268891742	-3.511955E+000	-43.0623900	0.268891742	-4.074133E+001	0.268891742	-3.511955E+000	0.268891742	4.045274E+000
408	0.271080696	-3.566007E+000	-49.7441600	0.271080696	-3.973611E+001	0.271080696	-3.566007E+000	0.271080696	4.600512E+000
409	0.273287469	-3.636829E+000	-56.4935400	0.273287469	-3.951141E+001	0.273287469	-3.636829E+000	0.273287469	5.139419E+000
410	0.275512207	-3.689229E+000	-63.2715100	0.275512207	-3.905215E+001	0.275512207	-3.689229E+000	0.275512207	5.660530E+000
411	0.277755055	-3.762323E+000	-70.1492200	0.277755055	-3.867294E+001	0.277755055	-3.762323E+000	0.277755055	6.164241E+000
412	0.280016162	-3.827255E+000	-77.1289700	0.280016162	-3.828344E+001	0.280016162	-3.827255E+000	0.280016162	6.657417E+000
413	0.282295676	-3.885488E+000	-84.1870500	0.282295676	-3.769537E+001	0.282295676	-3.885488E+000	0.282295676	7.134863E+000
414	0.284593746	-3.942654E+000	-91.3232300	0.284593746	-3.751205E+001	0.284593746	-3.942654E+000	0.284593746	7.567044E+000
415	0.286910524	-3.997547E+000	-98.6581300	0.286910524	-3.733750E+001	0.286910524	-3.997547E+000	0.286910524	7.937203E+000
416	0.289246162	-4.061114E+000	-106.2502000	0.289246162	-3.702599E+001	0.289246162	-4.061114E+000	0.289246162	8.240467E+000
417	0.291600814	-4.163352E+000	-114.0086000	0.291600814	-3.727751E+001	0.291600814	-4.163352E+000	0.291600814	8.480937E+000
418	0.293974635	-4.270954E+000	-121.7338000	0.293974635	-3.732697E+001	0.293974635	-4.270954E+000	0.293974635	8.685348E+000
419	0.296367779	-4.408102E+000	-129.6447000	0.296367779	-3.780321E+001	0.296367779	-4.408102E+000	0.296367779	8.868540E+000
420	0.298780406	-4.609742E+000	-137.5759000	0.298780406	-3.770623E+001	0.298780406	-4.609742E+000	0.298780406	9.029301E+000
421	0.301212673	-4.810995E+000	-144.8077000	0.301212673	-3.770115E+001	0.301212673	-4.810995E+000	0.301212673	9.182755E+000
422	0.303664740	-4.929374E+000	-152.2370000	0.303664740	-3.806287E+001	0.303664740	-4.929374E+000	0.303664740	9.313807E+000
423	0.306136768	-5.042929E+000	-159.9304000	0.306136768	-3.776156E+001	0.306136768	-5.042929E+000	0.306136768	9.427349E+000
424	0.308628920	-5.160481E+000	-167.8362000	0.308628920	-3.835271E+001	0.308628920	-5.160481E+000	0.308628920	9.518064E+000
425	0.311141361	-5.282585E+000	-175.8531000	0.311141361	-3.816222E+001	0.311141361	-5.282585E+000	0.311141361	9.589523E+000
426	0.313674254	-5.441245E+000	175.7930000	0.313674254	-3.850321E+001	0.313674254	-5.441245E+000	0.313674254	9.634523E+000
427	0.316227766	-5.639715E+000	167.4068000	0.316227766	-3.840042E+001	0.316227766	-5.639715E+000	0.316227766	9.659954E+000
428	0.318802066	-5.929086E+000	158.9812000	0.318802066	-3.821587E+001	0.318802066	-5.929086E+000	0.318802066	9.662149E+000
429	0.321397322	-6.241242E+000	151.4498000	0.321397322	-3.829238E+001	0.321397322	-6.241242E+000	0.321397322	9.642900E+000
430	0.324013705	-6.492204E+000	143.6778000	0.324013705	-3.866245E+001	0.324013705	-6.492204E+000	0.324013705	9.598443E+000
431	0.326651387	-6.691127E+000	135.8130000	0.326651387	-3.854456E+001	0.326651387	-6.691127E+000	0.326651387	9.523318E+000
432	0.329310542	-7.065985E+000	127.8929000	0.329310542	-3.869184E+001	0.329310542	-7.065985E+000	0.329310542	9.422530E+000
433	0.331991344	-7.414815E+000	121.3669000	0.331991344	-3.883091E+001	0.331991344	-7.414815E+000	0.331991344	9.300533E+000
434	0.334693969	-7.556337E+000	114.8063000	0.334693969	-3.897878E+001	0.334693969	-7.556337E+000	0.334693969	9.150927E+000
435	0.337418596	-7.668329E+000	107.9004000	0.337418596	-3.922812E+001	0.337418596	-7.668329E+000	0.337418596	8.970269E+000
436	0.340165403	-7.711399E+000	100.4227000	0.340165403	-3.897358E+001	0.340165403	-7.711399E+000	0.340165403	8.757983E+000
437	0.342934570	-7.788907E+000	92.5067400	0.342934570	-3.881185E+001	0.342934570	-7.788907E+000	0.342934570	8.515967E+000
438	0.345726281	-7.837656E+000	84.5700100	0.345726281	-3.901603E+001	0.345726281	-7.837656E+000	0.345726281	8.256567E+000
439	0.348540718	-7.920225E+000	76.4031400	0.348540718	-3.936848E+001	0.348540718	-7.920225E+000	0.348540718	7.955632E+000
440	0.351378066	-8.020392E+000	68.1453500	0.351378066	-3.901966E+001	0.351378066	-8.020392E+000	0.351378066	7.616792E+000
441	0.354238512	-8.097107E+000	60.0803400	0.354238512	-3.891459E+001	0.354238512	-8.097107E+000	0.354238512	7.250286E+000
442	0.357122244	-8.150668E+000	51.7615500	0.357122244	-3.899278E+001	0.357122244	-8.150668E+000	0.357122244	6.846256E+000
443	0.360029451	-8.189276E+000	43.3569600	0.360029451	-3.875694E+001	0.360029451	-8.189276E+000	0.360029451	6.404871E+000
444	0.362960325	-8.226154E+000	34.7594000	0.362960325	-3.856872E+001	0.362960325	-8.226154E+000	0.362960325	5.932613E+000
445	0.365915058	-8.290182E+000	26.0229700	0.365915058	-3.884434E+001	0.365915058	-8.290182E+000	0.365915058	5.425508E+000
446	0.368893844	-8.345092E+000	17.3013400	0.368893844	-3.902156E+001	0.368893844	-8.345092E+000	0.368893844	4.897190E+000
447	0.371896880	-8.394271E+000	8.4883990	0.371896880	-3.870967E+001	0.371896880	-8.394271E+000	0.371896880	4.360514E+000
448	0.374924363	-8.428679E+000	-0.4029840	0.374924363	-3.827832E+001	0.374924363	-8.428679E+000	0.374924363	3.836811E+000
449	0.377976491	-8.424660E+000	-9.3310970	0.377976491	-3.832566E+001	0.377976491	-8.424660E+000	0.377976491	3.360931E+000
450	0.381053465	-8.406815E+000	-18.7945400	0.381053465	-3.816051E+001	0.381053465	-8.406815E+000	0.381053465	2.992127E+000
451	0.384155488	-8.470210E+000	-28.6794800	0.384155488	-3.799371E+001	0.384155488	-8.470210E+000	0.384155488	2.765424E+000
452	0.387282764	-8.520846E+000	-38.0875700	0.387282764	-3.789671E+001	0.387282764	-8.520846E+000	0.387282764	2.738344E+000
453	0.390435497	-8.520173E+000	-47.8202600	0.390435497	-3.721207E+001	0.390435497	-8.520173E+000	0.390435497	2.923576E+000
454	0.393613896	-8.547268E+000	-57.8642900	0.393613896	-3.739834E+001	0.393613896	-8.547268E+000	0.393613896	3.315866E+000
455	0.396818169	-8.564445E+000	-68.0813400	0.396818169	-3.702165E+001	0.396818169	-8.564445E+000	0.396818169	3.868108E+000
456	0.400048527	-8.594625E+000	-78.6721200	0.400048527	-3.705039E+001	0.400048527	-8.594625E+000	0.400048527	4.522978E+000
457	0.403305183	-8.675074E+000	-89.5134500	0.403305183	-3.678196E+001	0.403305183	-8.675074E+000	0.403305183	5.236509E+000
458	0.406588349	-8.744642E+000	-100.3269000	0.406588349	-3.651836E+001	0.406588349	-8.744642E+000	0.406588349	5.959564E+000
459	0.409898243	-8.905242E+000	-111.7139000	0.409898243	-3.642805E+001	0.409898243	-8.905242E+000	0.409898243	6.666542E+000
460	0.413235081	-9.077639E+000	-122.6811000	0.413235081	-3.655163E+001	0.413235081	-9.077639E+000	0.413235081	7.339386E+000
461	0.416599083	-9.295413E+000	-133.6680000	0.416599083	-3.646751E+001	0.416599083	-9.295413E+000	0.416599083	7.971983E+000
462	0.419990471	-9.444110E+000	-144.9803000	0.419990471	-3.651861E+001	0.419990471	-9.444110E+000	0.419990471	8.552026E+000
463	0.423409466	-9.703960E+000	-156.6037000	0.423409466	-3.654528E+001	0.423409466	-9.703960E+000	0.423409466	9.081967E+000
464	0.426856295	-1.008301E+001	-167.9393000	0.426856295	-3.663640E+001	0.426856295	-1.008301E+001	0.426856295	9.554736E+000
465	0.430331182	-1.044809E+001	-178.4029000	0.430331182	-3.703281E+001	0.430331182	-1.044809E+001	0.430331182	9.977094E+000
466	0.433834358	-1.063508E+001	170.4466000	0.433834358	-3.691745E+001	0.433834358	-1.063508E+001	0.433834358	1.034822E+001
467	0.437366052	-1.101224E+001	158.7402000	0.437366052	-3.710699E+001	0.437366052	-1.101224E+001	0.437366052	1.067475E+001
468	0.440926496	-1.135606E+001	147.3372000	0.440926496	-3.745978E+001	0.440926496	-1.135606E+001	0.440926496	1.095783E+001
469	0.444515925	-1.193720E+001	134.7808000	0.444515925	-3.857109E+001	0.444515925	-1.193720E+001	0.444515925	1.119000E+001
470	0.448134573	-1.276901E+001	125.4891000	0.448134573	-3.914585E+001	0.448134573	-1.276901E+001	0.448134573	1.138749E+001
471	0.451782680	-1.316607E+001	117.8959000	0.451782680	-3.954008E+001	0.451782680	-1.316607E+001	0.451782680	1.154875E+001
472	0.455460485	-1.371500E+001	108.6095000	0.455460485	-4.032717E+001	0.455460485	-1.371500E+001	0.455460485	1.166204E+001
473	0.459168230	-1.375772E+001	101.8592000	0.459168230	-3.988043E+001	0.459168230	-1.375772E+001	0.459168230	1.174295E+001
474	0.462906158	-1.396673E+001	93.2602300	0.462906158	-3.926011E+001	0.462906158	-1.396673E+001	0.462906158	1.179200E+001
475	0.466674515	-1.373113E+001	83.0466200	0.466674515	-3.850636E+001	0.466674515	-1.373113E+001	0.466674515	1.179700E+001
476	0.470473549	-1.383558E+001	72.6386500	0.470473549	-3.854556E+001	0.470473549	-1.383558E+001	0.470473549	1.177366E+001
477	0.474303509	-1.392490E+001	60.3910600	0.474303509	-3.847034E+001	0.474303509	-1.392490E+001	0.474303509	1.170605E+001
478	0.478164648	-1.463335E+001	50.9654400	0.478164648	-3.832307E+001	0.478164648	-1.463335E+001	0.478164648	1.160292E+001
479	0.482057220	-1.469302E+001	44.7692800	0.482057220	-3.804681E+001	0.482057220	-1.469302E+001	0.482057220	1.145214E+001
480	0.485981479	-1.433791E+001	34.4456700	0.485981479	-3.727908E+001	0.485981479	-1.433791E+001	0.485981479	1.125570E+001
481	0.489937684	-1.430653E+001	21.9148500	0.489937684	-3.710008E+001	0.489937684	-1.430653E+001	0.489937684	1.101152E+001
482	0.493926096	-1.427762E+001	11.3042200	0.493926096	-3.693446E+001	0.493926096	-1.427762E+001	0.493926096	1.070368E+001
483	0.497946975	-1.456116E+001	-1.4588480	0.497946975	-3.714828E+001	0.497946975	-1.456116E+001	0.497946975	1.033804E+001
484	0.502000587	-1.478223E+001	-10.5004200	0.502000587	-3.738091E+001	0.502000587	-1.478223E+001	0.502000587	9.911304E+000
485	0.506087199	-1.474523E+001	-20.8886600	0.506087199	-3.738572E+001	0.506087199	-1.474523E+001	0.506087199	9.414274E+000
486	0.510207078	-1.471828E+001	-31.9005200	0.510207078	-3.690000E+001	0.510207078	-1.471828E+001	0.510207078	8.858361E+000
487	0.514360495	-1.459367E+001	-43.1900600	0.514360495	-3.655144E+001	0.514360495	-1.459367E+001	0.514360495	8.264891E+000
488	0.518547724	-1.464270E+001	-53.7982100	0.518547724	-3.601945E+001	0.518547724	-1.464270E+001	0.518547724	7.659307E+000
489	0.522769040	-1.444170E+001	-65.2241600	0.522769040	-3.518969E+001	0.522769040	-1.444170E+001	0.522769040	7.094934E+000
490	0.527024720	-1.435081E+001	-78.0618400	0.527024720	-3.469362E+001	0.527024720	-1.435081E+001	0.527024720	6.660190E+000
491	0.531315044	-1.439578E+001	-90.7753900	0.531315044	-3.451663E+001	0.531315044	-1.439578E+001	0.531315044	6.417327E+000
492	0.535640294	-1.449731E+001	-102.7391000	0.535640294	-3.413840E+001	0.535640294	-1.449731E+001	0.535640294	6.449568E+000
493	0.540000754	-1.457376E+001	-114.9170000	0.540000754	-3.386615E+001	0.540000754	-1.457376E+001	0.540000754	6.745001E+000
494	0.544396711	-1.476261E+001	-125.9299000	0.544396711	-3.406540E+001	0.544396711	-1.476261E+001	0.544396711	7.255840E+000
495	0.548828455	-1.489261E+001	-136.5800000	0.548828455	-3.383370E+001	0.548828455	-1.489261E+001	0.548828455	7.895627E+000
496	0.553296275	-1.474846E+001	-145.4476000	0.553296275	-3.316254E+001	0.553296275	-1.474846E+001	0.553296275	8.599951E+000
497	0.557800467	-1.419570E+001	-155.5221000	0.557800467	-3.223574E+001	0.557800467	-1.419570E+001	0.557800467	9.327882E+000
498	0.562341325	-1.369210E+001	-167.0547000	0.562341325	-3.170870E+001	0.562341325	-1.369210E+001	0.562341325	1.004105E+001
499	0.566919149	-1.276967E+001	179.7636000	0.566919149	-3.072019E+001	0.566919149	-1.276967E+001	0.566919149	1.074010E+001
500	0.571534240	-1.201663E+001	162.4458000	0.571534240	-3.008500E+001	0.571534240	-1.201663E+001	0.571534240	1.139111E+001
501	0.576186900	-1.189249E+001	143.4314000	0.576186900	-2.996189E+001	0.576186900	-1.189249E+001	0.576186900	1.197681E+001
502	0.580877436	-1.173381E+001	126.6405000	0.580877436	-2.971741E+001	0.580877436	-1.173381E+001	0.580877436	1.247676E+001
503	0.585606156	-1.190644E+001	108.9715000	0.585606156	-2.984347E+001	0.585606156	-1.190644E+001	0.585606156	1.289835E+001
504	0.590373371	-1.195017E+001	93.3327200	0.590373371	-2.961426E+001	0.590373371	-1.195017E+001	0.590373371	1.324637E+001
505	0.595179395	-1.210267E+001	76.6832300	0.595179395	-2.953535E+001	0.595179395	-1.210267E+001	0.595179395	1.354379E+001
506	0.600024542	-1.229630E+001	60.5740100	0.600024542	-2.956243E+001	0.600024542	-1.229630E+001	0.600024542	1.379005E+001
507	0.604909132	-1.240740E+001	44.0741600	0.604909132	-2.932136E+001	0.604909132	-1.240740E+001	0.604909132	1.397490E+001
508	0.609833486	-1.274100E+001	27.5473100	0.609833486	-2.942115E+001	0.609833486	-1.274100E+001	0.609833486	1.410190E+001
509	0.614797927	-1.320074E+001	11.0801400	0.614797927	-2.922840E+001	0.614797927	-1.320074E+001	0.614797927	1.417259E+001
510	0.619802782	-1.370296E+001	-1.9942360	0.619802782	-2.931065E+001	0.619802782	-1.370296E+001	0.619802782	1.417073E+001
511	0.624848380	-1.402232E+001	-15.8904400	0.624848380	-2.937351E+001	0.624848380	-1.402232E+001	0.624848380	1.410373E+001
512	0.629935052	-1.414782E+001	-27.2236400	0.629935052	-2.894796E+001	0.629935052	-1.414782E+001	0.629935052	1.398229E+001
513	0.635063133	-1.431473E+001	-38.4975000	0.635063133	-2.846320E+001	0.635063133	-1.431473E+001	0.635063133	1.380358E+001
514	0.640232960	-1.346782E+001	-50.9580700	0.640232960	-2.688909E+001	0.640232960	-1.346782E+001	0.640232960	1.355947E+001
515	0.645444872	-1.251535E+001	-68.0828200	0.645444872	-2.547063E+001	0.645444872	-1.251535E+001	0.645444872	1.318095E+001
516	0.650699213	-1.227207E+001	-88.7268800	0.650699213	-2.506145E+001	0.650699213	-1.227207E+001	0.650699213	1.259335E+001
517	0.655996328	-1.220229E+001	-108.2025000	0.655996328	-2.505862E+001	0.655996328	-1.220229E+001	0.655996328	1.181129E+001
518	0.661336565	-1.234728E+001	-129.5184000	0.661336565	-2.530260E+001	0.661336565	-1.234728E+001	0.661336565	1.091370E+001
519	0.666720275	-1.297787E+001	-150.7628000	0.666720275	-2.565874E+001	0.666720275	-1.297787E+001	0.666720275	1.003002E+001
520	0.672147811	-1.380718E+001	-166.4396000	0.672147811	-2.664713E+001	0.672147811	-1.380718E+001	0.672147811	9.245872E+000
521	0.677619532	-1.450554E+001	175.2753000	0.677619532	-2.732348E+001	0.677619532	-1.450554E+001	0.677619532	8.728096E+000
522	0.683135795	-1.553700E+001	162.3168000	0.683135795	-2.809365E+001	0.683135795	-1.553700E+001	0.683135795	8.580042E+000
523	0.688696965	-1.603224E+001	151.0044000	0.688696965	-2.858839E+001	0.688696965	-1.603224E+001	0.688696965	8.829453E+000
524	0.694303406	-1.590753E+001	138.5207000	0.694303406	-2.834697E+001	0.694303406	-1.590753E+001	0.694303406	9.408640E+000
525	0.699955487	-1.575727E+001	124.5718000	0.699955487	-2.815824E+001	0.699955487	-1.575727E+001	0.699955487	1.017660E+001
526	0.705653580	-1.598864E+001	110.2190000	0.705653580	-2.812164E+001	0.705653580	-1.598864E+001	0.705653580	1.102877E+001
527	0.711398059	-1.552877E+001	95.8475000	0.711398059	-2.742705E+001	0.711398059	-1.552877E+001	0.711398059	1.186976E+001
528	0.717189302	-1.529321E+001	78.8696600	0.717189302	-2.681542E+001	0.717189302	-1.529321E+001	0.717189302	1.266184E+001
529	0.723027689	-1.518494E+001	63.4601000	0.723027689	-2.649416E+001	0.723027689	-1.518494E+001	0.723027689	1.336421E+001
530	0.728913605	-1.494279E+001	47.1161000	0.728913605	-2.575980E+001	0.728913605	-1.494279E+001	0.728913605	1.397715E+001
531	0.734847436	-1.492087E+001	30.2539300	0.734847436	-2.539839E+001	0.734847436	-1.492087E+001	0.734847436	1.447718E+001
532	0.740829572	-1.446338E+001	13.7042800	0.740829572	-2.464247E+001	0.740829572	-1.446338E+001	0.740829572	1.486397E+001
533	0.746860406	-1.417642E+001	-4.8348190	0.746860406	-2.417195E+001	0.746860406	-1.417642E+001	0.746860406	1.513175E+001
534	0.752940336	-1.398881E+001	-22.7743200	0.752940336	-2.396763E+001	0.752940336	-1.398881E+001	0.752940336	1.526486E+001
535	0.759069760	-1.380346E+001	-39.5617600	0.759069760	-2.371731E+001	0.759069760	-1.380346E+001	0.759069760	1.527061E+001
536	0.765249081	-1.342387E+001	-57.8017100	0.765249081	-2.353659E+001	0.765249081	-1.342387E+001	0.765249081	1.515326E+001
537	0.771478707	-1.290406E+001	-77.6044100	0.771478707	-2.339202E+001	0.771478707	-1.290406E+001	0.771478707	1.492103E+001
538	0.777759045	-1.247615E+001	-98.4671500	0.777759045	-2.334223E+001	0.777759045	-1.247615E+001	0.777759045	1.458208E+001
539	0.784090509	-1.210510E+001	-118.7894000	0.784090509	-2.337009E+001	0.784090509	-1.210510E+001	0.784090509	1.414709E+001
540	0.790473516	-1.156241E+001	-140.9841000	0.790473516	-2.304607E+001	0.790473516	-1.156241E+001	0.790473516	1.361232E+001
541	0.796908485	-1.145907E+001	-165.5288000	0.796908485	-2.314473E+001	0.796908485	-1.145907E+001	0.796908485	1.296950E+001
542	0.803395838	-1.176317E+001	171.9927000	0.803395838	-2.328326E+001	0.803395838	-1.176317E+001	0.803395838	1.224834E+001
543	0.809936002	-1.183980E+001	150.1772000	0.809936002	-2.330944E+001	0.809936002	-1.183980E+001	0.809936002	1.150354E+001
544	0.816529408	-1.194297E+001	128.1254000	0.816529408	-2.311463E+001	0.816529408	-1.194297E+001	0.816529408	1.083263E+001
545	0.823176489	-1.209826E+001	104.4234000	0.823176489	-2.293127E+001	0.823176489	-1.209826E+001	0.823176489	1.036770E+001
546	0.829877681	-1.266657E+001	82.6271700	0.829877681	-2.306800E+001	0.829877681	-1.266657E+001	0.829877681	1.026642E+001
547	0.836633425	-1.299643E+001	60.4873400	0.836633425	-2.300995E+001	0.836633425	-1.299643E+001	0.836633425	1.059357E+001
548	0.843444165	-1.366406E+001	41.9333100	0.843444165	-2.326430E+001	0.843444165	-1.366406E+001	0.843444165	1.127867E+001
549	0.850310349	-1.378638E+001	21.4658900	0.850310349	-2.308982E+001	0.850310349	-1.378638E+001	0.850310349	1.214772E+001
550	0.857232428	-1.421781E+001	1.4886720	0.857232428	-2.352287E+001	0.857232428	-1.421781E+001	0.857232428	1.302944E+001
551	0.864210858	-1.469555E+001	-18.5467000	0.864210858	-2.404316E+001	0.864210858	-1.469555E+001	0.864210858	1.383302E+001
552	0.871246096	-1.497652E+001	-34.4561100	0.871246096	-2.447454E+001	0.871246096	-1.497652E+001	0.871246096	1.452581E+001
553	0.878338606	-1.504048E+001	-49.3616400	0.878338606	-2.472768E+001	0.878338606	-1.504048E+001	0.878338606	1.509241E+001
554	0.885488853	-1.381750E+001	-68.0777400	0.885488853	-2.396232E+001	0.885488853	-1.381750E+001	0.885488853	1.553015E+001
555	0.892697308	-1.323210E+001	-89.0937500	0.892697308	-2.379969E+001	0.892697308	-1.323210E+001	0.892697308	1.581934E+001
556	0.899964445	-1.272215E+001	-111.6852000	0.899964445	-2.364254E+001	0.899964445	-1.272215E+001	0.899964445	1.599376E+001
557	0.907290741	-1.198095E+001	-134.9720000	0.907290741	-2.305490E+001	0.907290741	-1.198095E+001	0.907290741	1.603936E+001
558	0.914676678	-1.136105E+001	-160.6084000	0.914676678	-2.263708E+001	0.914676678	-1.136105E+001	0.914676678	1.595569E+001
559	0.922122741	-1.086613E+001	173.3802000	0.922122741	-2.241828E+001	0.922122741	-1.086613E+001	0.922122741	1.577725E+001
560	0.929629419	-1.067422E+001	143.6726000	0.929629419	-2.247969E+001	0.929629419	-1.067422E+001	0.929629419	1.553365E+001
561	0.937197208	-1.099051E+001	114.8655000	0.937197208	-2.271706E+001	0.937197208	-1.099051E+001	0.937197208	1.515256E+001
562	0.944826602	-1.148743E+001	86.4967400	0.944826602	-2.278627E+001	0.944826602	-1.148743E+001	0.944826602	1.459054E+001
563	0.952518105	-1.212105E+001	63.1069100	0.952518105	-2.300768E+001	0.952518105	-1.212105E+001	0.952518105	1.389057E+001
564	0.960272222	-1.236602E+001	39.0466200	0.960272222	-2.297668E+001	0.960272222	-1.236602E+001	0.960272222	1.311112E+001
565	0.968089463	-1.244640E+001	14.3949000	0.968089463	-2.300913E+001	0.968089463	-1.244640E+001	0.968089463	1.241690E+001
566	0.975970340	-1.278558E+001	-10.9482200	0.975970340	-2.352158E+001	0.975970340	-1.278558E+001	0.975970340	1.204938E+001
567	0.983915374	-1.293287E+001	-35.9242300	0.983915374	-2.413920E+001	0.983915374	-1.293287E+001	0.983915374	1.213107E+001
568	0.991925085	-1.316152E+001	-60.6134400	0.991925085	-2.475697E+001	0.991925085	-1.316152E+001	0.991925085	1.263377E+001
569	1.000000000	-1.328359E+001	-85.5261000	1.000000000	-2.519244E+001	1.000000000	-1.328359E+001	1.000000000	1.338683E+001
