!9/11/2017.2:20:37.PM
!RF.CORRECTION.OFF
!AVERAGING.OFF
!IF.BANDWIDTH: 1KHZ
!NUMBER.OF.TRACES: 4
!TRACE:       	TRACE.1           	TRACE.2           	TRACE.3           	TRACE.4           
!PARAMETER:   	S21               	S12               	S21               	S22               
!GRAPH:       	LOGMAG.PHASE      	LOGMAG            	LOGMAG            	LOGMAG            
!SMOOTHING:   	OFF               	OFF               	OFF               	OFF               
!TIMEDOMAIN:  	NOT.INSTALLED     	NOT.INSTALLED     	NOT.INSTALLED     	NOT.INSTALLED     
PNT	FREQ1.GHZ	LOGMAG1	PHASE1.DEG	FREQ2.GHZ	LOGMAG2	FREQ3.GHZ	LOGMAG3	FREQ4.GHZ	LOGMAG4
1	0.010000000	2.053227E+001	-43.6508500	0.010000000	-7.180737E+001	0.010000000	2.053227E+001	0.010000000	-1.840164E+000
2	0.010081407	2.057036E+001	-44.1160000	0.010081407	-8.298871E+001	0.010081407	2.057036E+001	0.010081407	-1.666377E+000
3	0.010163476	2.056570E+001	-44.4873400	0.010163476	-7.989816E+001	0.010163476	2.056570E+001	0.010163476	-1.641533E+000
4	0.010246213	2.056868E+001	-44.8380500	0.010246213	-7.479176E+001	0.010246213	2.056868E+001	0.010246213	-1.603692E+000
5	0.010329624	2.057163E+001	-45.1565100	0.010329624	-7.518240E+001	0.010329624	2.057163E+001	0.010329624	-1.571837E+000
6	0.010413714	2.056658E+001	-45.4852300	0.010413714	-7.115031E+001	0.010413714	2.056658E+001	0.010413714	-1.544260E+000
7	0.010498488	2.056781E+001	-45.8809400	0.010498488	-6.447193E+001	0.010498488	2.056781E+001	0.010498488	-1.506995E+000
8	0.010583953	2.056849E+001	-46.1966700	0.010583953	-6.763556E+001	0.010583953	2.056849E+001	0.010583953	-1.487246E+000
9	0.010670113	2.056967E+001	-46.5737300	0.010670113	-7.411894E+001	0.010670113	2.056967E+001	0.010670113	-1.442250E+000
10	0.010756975	2.057066E+001	-46.9327600	0.010756975	-7.250990E+001	0.010756975	2.057066E+001	0.010756975	-1.416494E+000
11	0.010844543	2.057369E+001	-47.2368400	0.010844543	-7.240609E+001	0.010844543	2.057369E+001	0.010844543	-1.383288E+000
12	0.010932825	2.056810E+001	-47.6279900	0.010932825	-7.808237E+001	0.010932825	2.056810E+001	0.010932825	-1.352833E+000
13	0.011021825	2.056890E+001	-48.0297200	0.011021825	-6.867856E+001	0.011021825	2.056890E+001	0.011021825	-1.323641E+000
14	0.011111550	2.057039E+001	-48.3613300	0.011111550	-7.017432E+001	0.011111550	2.057039E+001	0.011111550	-1.284344E+000
15	0.011202005	2.057257E+001	-48.7576400	0.011202005	-7.858875E+001	0.011202005	2.057257E+001	0.011202005	-1.252167E+000
16	0.011293197	2.057302E+001	-49.1325000	0.011293197	-6.915852E+001	0.011293197	2.057302E+001	0.011293197	-1.214542E+000
17	0.011385131	2.056936E+001	-49.4897200	0.011385131	-7.512349E+001	0.011385131	2.056936E+001	0.011385131	-1.188588E+000
18	0.011477813	2.057125E+001	-49.8955100	0.011477813	-6.828343E+001	0.011477813	2.057125E+001	0.011477813	-1.153084E+000
19	0.011571250	2.057304E+001	-50.2577600	0.011571250	-7.189498E+001	0.011571250	2.057304E+001	0.011571250	-1.113919E+000
20	0.011665448	2.057488E+001	-50.6806900	0.011665448	-6.806087E+001	0.011665448	2.057488E+001	0.011665448	-1.093340E+000
21	0.011760412	2.057167E+001	-51.0672200	0.011760412	-7.896949E+001	0.011760412	2.057167E+001	0.011760412	-1.056762E+000
22	0.011856149	2.057302E+001	-51.4723300	0.011856149	-6.329209E+001	0.011856149	2.057302E+001	0.011856149	-1.017860E+000
23	0.011952666	2.057431E+001	-51.8535300	0.011952666	-6.782174E+001	0.011952666	2.057431E+001	0.011952666	-9.843033E-001
24	0.012049969	2.057860E+001	-52.3098800	0.012049969	-6.407677E+001	0.012049969	2.057860E+001	0.012049969	-9.505961E-001
25	0.012148063	2.057483E+001	-52.6543800	0.012148063	-7.878502E+001	0.012148063	2.057483E+001	0.012148063	-9.212043E-001
26	0.012246956	2.057506E+001	-53.0968800	0.012246956	-6.873460E+001	0.012246956	2.057506E+001	0.012246956	-8.837298E-001
27	0.012346655	2.057747E+001	-53.5092000	0.012346655	-7.006879E+001	0.012346655	2.057747E+001	0.012346655	-8.518391E-001
28	0.012447164	2.058076E+001	-53.9187200	0.012447164	-7.339883E+001	0.012447164	2.058076E+001	0.012447164	-8.074443E-001
29	0.012548492	2.057637E+001	-54.3466400	0.012548492	-6.545567E+001	0.012548492	2.057637E+001	0.012548492	-7.768602E-001
30	0.012650645	2.057767E+001	-54.7713300	0.012650645	-7.264127E+001	0.012650645	2.057767E+001	0.012650645	-7.437622E-001
31	0.012753630	2.057706E+001	-55.2041600	0.012753630	-6.660037E+001	0.012753630	2.057706E+001	0.012753630	-6.986331E-001
32	0.012857453	2.057784E+001	-55.6584500	0.012857453	-6.805965E+001	0.012857453	2.057784E+001	0.012857453	-6.674802E-001
33	0.012962121	2.058008E+001	-56.0468900	0.012962121	-6.893502E+001	0.012962121	2.058008E+001	0.012962121	-6.315839E-001
34	0.013067641	2.058575E+001	-56.5346100	0.013067641	-7.074798E+001	0.013067641	2.058575E+001	0.013067641	-5.916998E-001
35	0.013174020	2.058445E+001	-56.9656800	0.013174020	-6.909351E+001	0.013174020	2.058445E+001	0.013174020	-5.519629E-001
36	0.013281265	2.057945E+001	-57.3937300	0.013281265	-7.137187E+001	0.013281265	2.057945E+001	0.013281265	-5.245376E-001
37	0.013389383	2.058435E+001	-57.8516400	0.013389383	-6.809277E+001	0.013389383	2.058435E+001	0.013389383	-4.830506E-001
38	0.013498381	2.058722E+001	-58.2841400	0.013498381	-7.284542E+001	0.013498381	2.058722E+001	0.013498381	-4.507956E-001
39	0.013608267	2.058819E+001	-58.7377900	0.013608267	-7.347605E+001	0.013608267	2.058819E+001	0.013608267	-4.026830E-001
40	0.013719047	2.058590E+001	-59.1968800	0.013719047	-7.032792E+001	0.013719047	2.058590E+001	0.013719047	-3.710731E-001
41	0.013830729	2.058849E+001	-59.6727400	0.013830729	-7.069289E+001	0.013830729	2.058849E+001	0.013830729	-3.259332E-001
42	0.013943320	2.058780E+001	-60.1700400	0.013943320	-6.701788E+001	0.013943320	2.058780E+001	0.013943320	-2.887275E-001
43	0.014056828	2.058743E+001	-60.6047300	0.014056828	-7.098240E+001	0.014056828	2.058743E+001	0.014056828	-2.512879E-001
44	0.014171259	2.058802E+001	-61.0851500	0.014171259	-7.224402E+001	0.014171259	2.058802E+001	0.014171259	-2.179669E-001
45	0.014286623	2.059037E+001	-61.5608400	0.014286623	-6.669505E+001	0.014286623	2.059037E+001	0.014286623	-1.743944E-001
46	0.014402925	2.059231E+001	-62.0477500	0.014402925	-7.670194E+001	0.014402925	2.059231E+001	0.014402925	-1.412577E-001
47	0.014520174	2.059315E+001	-62.5250200	0.014520174	-6.595813E+001	0.014520174	2.059315E+001	0.014520174	-1.024657E-001
48	0.014638378	2.059508E+001	-63.0181700	0.014638378	-7.975772E+001	0.014638378	2.059508E+001	0.014638378	-6.194894E-002
49	0.014757544	2.059385E+001	-63.5220000	0.014757544	-8.117532E+001	0.014757544	2.059385E+001	0.014757544	-2.192345E-002
50	0.014877680	2.059541E+001	-64.0056700	0.014877680	-6.599527E+001	0.014877680	2.059541E+001	0.014877680	1.630134E-002
51	0.014998794	2.059336E+001	-64.5411000	0.014998794	-7.043246E+001	0.014998794	2.059336E+001	0.014998794	6.083214E-002
52	0.015120894	2.059767E+001	-65.0249500	0.015120894	-6.625124E+001	0.015120894	2.059767E+001	0.015120894	9.769344E-002
53	0.015243988	2.059472E+001	-65.5342200	0.015243988	-6.968448E+001	0.015243988	2.059472E+001	0.015243988	1.401396E-001
54	0.015368084	2.060225E+001	-66.0515400	0.015368084	-6.550420E+001	0.015368084	2.060225E+001	0.015368084	1.759991E-001
55	0.015493190	2.060111E+001	-66.5647100	0.015493190	-6.696720E+001	0.015493190	2.060111E+001	0.015493190	2.251891E-001
56	0.015619315	2.060076E+001	-67.0755800	0.015619315	-8.037093E+001	0.015619315	2.060076E+001	0.015619315	2.590432E-001
57	0.015746466	2.060576E+001	-67.5937700	0.015746466	-8.444833E+001	0.015746466	2.060576E+001	0.015746466	3.020494E-001
58	0.015874652	2.060344E+001	-68.1333700	0.015874652	-7.782249E+001	0.015874652	2.060344E+001	0.015874652	3.433314E-001
59	0.016003882	2.060664E+001	-68.6871900	0.016003882	-6.743475E+001	0.016003882	2.060664E+001	0.016003882	3.867877E-001
60	0.016134164	2.060485E+001	-69.2354000	0.016134164	-7.211963E+001	0.016134164	2.060485E+001	0.016134164	4.253098E-001
61	0.016265507	2.060479E+001	-69.7777400	0.016265507	-6.642184E+001	0.016265507	2.060479E+001	0.016265507	4.697719E-001
62	0.016397919	2.061098E+001	-70.2728300	0.016397919	-7.652921E+001	0.016397919	2.061098E+001	0.016397919	5.124450E-001
63	0.016531409	2.060651E+001	-70.8587100	0.016531409	-8.358568E+001	0.016531409	2.060651E+001	0.016531409	5.569333E-001
64	0.016665985	2.061238E+001	-71.4152100	0.016665985	-6.977338E+001	0.016665985	2.061238E+001	0.016665985	5.927845E-001
65	0.016801657	2.061313E+001	-72.0053400	0.016801657	-7.537624E+001	0.016801657	2.061313E+001	0.016801657	6.380038E-001
66	0.016938433	2.061214E+001	-72.5336300	0.016938433	-7.265844E+001	0.016938433	2.061214E+001	0.016938433	6.752195E-001
67	0.017076323	2.061956E+001	-73.1144500	0.017076323	-6.387764E+001	0.017076323	2.061956E+001	0.017076323	7.130606E-001
68	0.017215336	2.062065E+001	-73.7027900	0.017215336	-7.384291E+001	0.017215336	2.062065E+001	0.017215336	7.594127E-001
69	0.017355480	2.062121E+001	-74.2765300	0.017355480	-7.468764E+001	0.017355480	2.062121E+001	0.017355480	8.071541E-001
70	0.017496765	2.062243E+001	-74.8731700	0.017496765	-7.392688E+001	0.017496765	2.062243E+001	0.017496765	8.427740E-001
71	0.017639200	2.062511E+001	-75.4639600	0.017639200	-6.546346E+001	0.017639200	2.062511E+001	0.017639200	8.909727E-001
72	0.017782794	2.062652E+001	-76.0693400	0.017782794	-6.877981E+001	0.017782794	2.062652E+001	0.017782794	9.355795E-001
73	0.017927558	2.062780E+001	-76.6529100	0.017927558	-7.731532E+001	0.017927558	2.062780E+001	0.017927558	9.728866E-001
74	0.018073500	2.062778E+001	-77.2713700	0.018073500	-8.058275E+001	0.018073500	2.062778E+001	0.018073500	1.012989E+000
75	0.018220630	2.063100E+001	-77.8552400	0.018220630	-6.539217E+001	0.018220630	2.063100E+001	0.018220630	1.056633E+000
76	0.018368957	2.062900E+001	-78.4525700	0.018368957	-7.283733E+001	0.018368957	2.062900E+001	0.018368957	1.105673E+000
77	0.018518493	2.063423E+001	-79.0750400	0.018518493	-7.732230E+001	0.018518493	2.063423E+001	0.018518493	1.150545E+000
78	0.018669245	2.063644E+001	-79.7268500	0.018669245	-7.033338E+001	0.018669245	2.063644E+001	0.018669245	1.189060E+000
79	0.018821225	2.064046E+001	-80.3622300	0.018821225	-6.763224E+001	0.018821225	2.064046E+001	0.018821225	1.235085E+000
80	0.018974442	2.063971E+001	-80.9879200	0.018974442	-7.287412E+001	0.018974442	2.063971E+001	0.018974442	1.284876E+000
81	0.019128906	2.060386E+001	-81.4520800	0.019128906	-7.836848E+001	0.019128906	2.060386E+001	0.019128906	1.186569E+000
82	0.019284628	2.060447E+001	-82.1093900	0.019284628	-6.737677E+001	0.019284628	2.060447E+001	0.019284628	1.231663E+000
83	0.019441617	2.060934E+001	-82.7323300	0.019441617	-7.181415E+001	0.019441617	2.060934E+001	0.019441617	1.269397E+000
84	0.019599885	2.061149E+001	-83.4030800	0.019599885	-8.134799E+001	0.019599885	2.061149E+001	0.019599885	1.315678E+000
85	0.019759441	2.065423E+001	-84.2389200	0.019759441	-7.183670E+001	0.019759441	2.065423E+001	0.019759441	1.499836E+000
86	0.019920295	2.065582E+001	-84.9099300	0.019920295	-7.505822E+001	0.019920295	2.065582E+001	0.019920295	1.547462E+000
87	0.020082460	2.065647E+001	-85.5727000	0.020082460	-6.769794E+001	0.020082460	2.065647E+001	0.020082460	1.586633E+000
88	0.020245944	2.066036E+001	-86.2687500	0.020245944	-7.166437E+001	0.020245944	2.066036E+001	0.020245944	1.637383E+000
89	0.020410759	2.066445E+001	-86.9213700	0.020410759	-6.963997E+001	0.020410759	2.066445E+001	0.020410759	1.676951E+000
90	0.020576916	2.066423E+001	-87.6110400	0.020576916	-6.901927E+001	0.020576916	2.066423E+001	0.020576916	1.722947E+000
91	0.020744425	2.067049E+001	-88.3200900	0.020744425	-7.207997E+001	0.020744425	2.067049E+001	0.020744425	1.764894E+000
92	0.020913298	2.066806E+001	-89.0206500	0.020913298	-6.848399E+001	0.020913298	2.066806E+001	0.020913298	1.817921E+000
93	0.021083546	2.067315E+001	-89.7448000	0.021083546	-6.957788E+001	0.021083546	2.067315E+001	0.021083546	1.861262E+000
94	0.021255180	2.067673E+001	-90.4635200	0.021255180	-7.351751E+001	0.021255180	2.067673E+001	0.021255180	1.905407E+000
95	0.021428211	2.067538E+001	-91.1942300	0.021428211	-7.582626E+001	0.021428211	2.067538E+001	0.021428211	1.950668E+000
96	0.021602651	2.067956E+001	-91.9011100	0.021602651	-8.589200E+001	0.021602651	2.067956E+001	0.021602651	1.996122E+000
97	0.021778510	2.068330E+001	-92.6338700	0.021778510	-6.915569E+001	0.021778510	2.068330E+001	0.021778510	2.039272E+000
98	0.021955802	2.068437E+001	-93.3675200	0.021955802	-7.272216E+001	0.021955802	2.068437E+001	0.021955802	2.086987E+000
99	0.022134536	2.068968E+001	-94.0781800	0.022134536	-6.612679E+001	0.022134536	2.068968E+001	0.022134536	2.135189E+000
100	0.022314726	2.069224E+001	-94.8335500	0.022314726	-7.585956E+001	0.022314726	2.069224E+001	0.022314726	2.175857E+000
101	0.022496382	2.069519E+001	-95.6086900	0.022496382	-6.812962E+001	0.022496382	2.069519E+001	0.022496382	2.229854E+000
102	0.022679517	2.069988E+001	-96.3643600	0.022679517	-9.273965E+001	0.022679517	2.069988E+001	0.022679517	2.273770E+000
103	0.022864143	2.070381E+001	-97.1081700	0.022864143	-6.745424E+001	0.022864143	2.070381E+001	0.022864143	2.320230E+000
104	0.023050272	2.070281E+001	-97.8816900	0.023050272	-6.725005E+001	0.023050272	2.070281E+001	0.023050272	2.378983E+000
105	0.023237916	2.070995E+001	-98.6744600	0.023237916	-7.481090E+001	0.023237916	2.070995E+001	0.023237916	2.417708E+000
106	0.023427088	2.071638E+001	-99.4377500	0.023427088	-6.971893E+001	0.023427088	2.071638E+001	0.023427088	2.466994E+000
107	0.023617800	2.071658E+001	-100.2375000	0.023617800	-6.524529E+001	0.023617800	2.071658E+001	0.023617800	2.514095E+000
108	0.023810064	2.072575E+001	-101.0421000	0.023810064	-6.755482E+001	0.023810064	2.072575E+001	0.023810064	2.562013E+000
109	0.024003893	2.072378E+001	-101.8351000	0.024003893	-7.609840E+001	0.024003893	2.072378E+001	0.024003893	2.608154E+000
110	0.024199301	2.072540E+001	-102.6231000	0.024199301	-8.023048E+001	0.024199301	2.072540E+001	0.024199301	2.651391E+000
111	0.024396299	2.073311E+001	-103.4530000	0.024396299	-6.964077E+001	0.024396299	2.073311E+001	0.024396299	2.697923E+000
112	0.024594901	2.073795E+001	-104.2900000	0.024594901	-6.768161E+001	0.024594901	2.073795E+001	0.024594901	2.739160E+000
113	0.024795119	2.074123E+001	-105.0868000	0.024795119	-6.913705E+001	0.024795119	2.074123E+001	0.024795119	2.786768E+000
114	0.024996967	2.074502E+001	-105.9461000	0.024996967	-6.421007E+001	0.024996967	2.074502E+001	0.024996967	2.830558E+000
115	0.025200459	2.075735E+001	-106.8086000	0.025200459	-6.581367E+001	0.025200459	2.075735E+001	0.025200459	2.874183E+000
116	0.025405607	2.076195E+001	-107.6392000	0.025405607	-7.029655E+001	0.025405607	2.076195E+001	0.025405607	2.911895E+000
117	0.025612425	2.076484E+001	-108.5286000	0.025612425	-6.806930E+001	0.025612425	2.076484E+001	0.025612425	2.949008E+000
118	0.025820927	2.076824E+001	-109.4188000	0.025820927	-8.086327E+001	0.025820927	2.076824E+001	0.025820927	2.993757E+000
119	0.026031126	2.077402E+001	-110.2760000	0.026031126	-6.450921E+001	0.026031126	2.077402E+001	0.026031126	3.037410E+000
120	0.026243037	2.077965E+001	-111.1553000	0.026243037	-6.399432E+001	0.026243037	2.077965E+001	0.026243037	3.077669E+000
121	0.026456672	2.078376E+001	-112.0616000	0.026456672	-6.918941E+001	0.026456672	2.078376E+001	0.026456672	3.123751E+000
122	0.026672046	2.079040E+001	-112.9475000	0.026672046	-7.054682E+001	0.026672046	2.079040E+001	0.026672046	3.163838E+000
123	0.026889174	2.079522E+001	-113.8933000	0.026889174	-6.979243E+001	0.026889174	2.079522E+001	0.026889174	3.204007E+000
124	0.027108070	2.080055E+001	-114.7627000	0.027108070	-7.360632E+001	0.027108070	2.080055E+001	0.027108070	3.248426E+000
125	0.027328747	2.080937E+001	-115.7204000	0.027328747	-7.275876E+001	0.027328747	2.080937E+001	0.027328747	3.291796E+000
126	0.027551221	2.081104E+001	-116.6368000	0.027551221	-7.754182E+001	0.027551221	2.081104E+001	0.027551221	3.329892E+000
127	0.027775506	2.081450E+001	-117.5687000	0.027775506	-6.244833E+001	0.027775506	2.081450E+001	0.027775506	3.378723E+000
128	0.028001616	2.082543E+001	-118.5443000	0.028001616	-6.786580E+001	0.028001616	2.082543E+001	0.028001616	3.425219E+000
129	0.028229568	2.082958E+001	-119.4872000	0.028229568	-6.491271E+001	0.028229568	2.082958E+001	0.028229568	3.463803E+000
130	0.028459375	2.083306E+001	-120.4474000	0.028459375	-7.062138E+001	0.028459375	2.083306E+001	0.028459375	3.505787E+000
131	0.028691052	2.083941E+001	-121.4413000	0.028691052	-6.750176E+001	0.028691052	2.083941E+001	0.028691052	3.551160E+000
132	0.028924616	2.084705E+001	-122.4308000	0.028924616	-7.348727E+001	0.028924616	2.084705E+001	0.028924616	3.596183E+000
133	0.029160081	2.085152E+001	-123.4033000	0.029160081	-6.511866E+001	0.029160081	2.085152E+001	0.029160081	3.640898E+000
134	0.029397463	2.085889E+001	-124.4007000	0.029397463	-6.931355E+001	0.029397463	2.085889E+001	0.029397463	3.684417E+000
135	0.029636778	2.086821E+001	-125.3902000	0.029636778	-6.876567E+001	0.029636778	2.086821E+001	0.029636778	3.728878E+000
136	0.029878041	2.087366E+001	-126.4100000	0.029878041	-6.603618E+001	0.029878041	2.087366E+001	0.029878041	3.773557E+000
137	0.030121267	2.088035E+001	-127.4414000	0.030121267	-7.534059E+001	0.030121267	2.088035E+001	0.030121267	3.821971E+000
138	0.030366474	2.087986E+001	-128.4813000	0.030366474	-7.570308E+001	0.030366474	2.087986E+001	0.030366474	3.859748E+000
139	0.030613677	2.089164E+001	-129.5030000	0.030613677	-7.541930E+001	0.030613677	2.089164E+001	0.030613677	3.904629E+000
140	0.030862892	2.089828E+001	-130.5591000	0.030862892	-6.416763E+001	0.030862892	2.089828E+001	0.030862892	3.939961E+000
141	0.031114136	2.090763E+001	-131.6428000	0.031114136	-7.731655E+001	0.031114136	2.090763E+001	0.031114136	3.990489E+000
142	0.031367425	2.090781E+001	-132.7060000	0.031367425	-6.436003E+001	0.031367425	2.090781E+001	0.031367425	4.034860E+000
143	0.031622777	2.091952E+001	-133.7817000	0.031622777	-7.635153E+001	0.031622777	2.091952E+001	0.031622777	4.076517E+000
144	0.031880207	2.093034E+001	-134.8873000	0.031880207	-6.959375E+001	0.031880207	2.093034E+001	0.031880207	4.118465E+000
145	0.032139732	2.093418E+001	-135.9774000	0.032139732	-6.864790E+001	0.032139732	2.093418E+001	0.032139732	4.165163E+000
146	0.032401371	2.094251E+001	-137.0793000	0.032401371	-7.468337E+001	0.032401371	2.094251E+001	0.032401371	4.209397E+000
147	0.032665139	2.094876E+001	-138.2081000	0.032665139	-7.042712E+001	0.032665139	2.094876E+001	0.032665139	4.249091E+000
148	0.032931054	2.095737E+001	-139.3117000	0.032931054	-7.751035E+001	0.032931054	2.095737E+001	0.032931054	4.290251E+000
149	0.033199134	2.096536E+001	-140.4561000	0.033199134	-7.202852E+001	0.033199134	2.096536E+001	0.033199134	4.335570E+000
150	0.033469397	2.096883E+001	-141.5779000	0.033469397	-6.763936E+001	0.033469397	2.096883E+001	0.033469397	4.382339E+000
151	0.033741860	2.097771E+001	-142.7627000	0.033741860	-7.478147E+001	0.033741860	2.097771E+001	0.033741860	4.419829E+000
152	0.034016540	2.098410E+001	-143.8980000	0.034016540	-6.752428E+001	0.034016540	2.098410E+001	0.034016540	4.467611E+000
153	0.034293457	2.099706E+001	-145.1257000	0.034293457	-6.857848E+001	0.034293457	2.099706E+001	0.034293457	4.515447E+000
154	0.034572628	2.100163E+001	-146.2764000	0.034572628	-6.891656E+001	0.034572628	2.100163E+001	0.034572628	4.556689E+000
155	0.034854072	2.100865E+001	-147.4984000	0.034854072	-7.921956E+001	0.034854072	2.100865E+001	0.034854072	4.590246E+000
156	0.035137807	2.101978E+001	-148.6828000	0.035137807	-6.827477E+001	0.035137807	2.101978E+001	0.035137807	4.633270E+000
157	0.035423851	2.102246E+001	-149.9233000	0.035423851	-6.974881E+001	0.035423851	2.102246E+001	0.035423851	4.675801E+000
158	0.035712224	2.103329E+001	-151.1155000	0.035712224	-6.866696E+001	0.035712224	2.103329E+001	0.035712224	4.721261E+000
159	0.036002945	2.104365E+001	-152.3616000	0.036002945	-7.179524E+001	0.036002945	2.104365E+001	0.036002945	4.756267E+000
160	0.036296032	2.104770E+001	-153.6316000	0.036296032	-7.749223E+001	0.036296032	2.104770E+001	0.036296032	4.797201E+000
161	0.036591506	2.105322E+001	-154.8738000	0.036591506	-6.913885E+001	0.036591506	2.105322E+001	0.036591506	4.835409E+000
162	0.036889384	2.106262E+001	-156.1373000	0.036889384	-7.999402E+001	0.036889384	2.106262E+001	0.036889384	4.870728E+000
163	0.037189688	2.106653E+001	-157.4186000	0.037189688	-7.607284E+001	0.037189688	2.106653E+001	0.037189688	4.904559E+000
164	0.037492436	2.107436E+001	-158.6823000	0.037492436	-7.069837E+001	0.037492436	2.107436E+001	0.037492436	4.927742E+000
165	0.037797649	2.108566E+001	-159.9857000	0.037797649	-6.920985E+001	0.037797649	2.108566E+001	0.037797649	4.955115E+000
166	0.038105347	2.108875E+001	-161.2920000	0.038105347	-6.758418E+001	0.038105347	2.108875E+001	0.038105347	4.980686E+000
167	0.038415549	2.109969E+001	-162.5599000	0.038415549	-6.649531E+001	0.038415549	2.109969E+001	0.038415549	5.003226E+000
168	0.038728276	2.109905E+001	-163.8908000	0.038728276	-6.988122E+001	0.038728276	2.109905E+001	0.038728276	5.019971E+000
169	0.039043550	2.110934E+001	-165.2186000	0.039043550	-6.986901E+001	0.039043550	2.110934E+001	0.039043550	5.034410E+000
170	0.039361390	2.111776E+001	-166.5347000	0.039361390	-6.638730E+001	0.039361390	2.111776E+001	0.039361390	5.046688E+000
171	0.039681817	2.113241E+001	-167.8758000	0.039681817	-7.698355E+001	0.039681817	2.113241E+001	0.039681817	5.061383E+000
172	0.040004853	2.113963E+001	-169.2737000	0.040004853	-6.581262E+001	0.040004853	2.113963E+001	0.040004853	5.070014E+000
173	0.040330518	2.114850E+001	-170.6283000	0.040330518	-6.639512E+001	0.040330518	2.114850E+001	0.040330518	5.078981E+000
174	0.040658835	2.115793E+001	-172.0119000	0.040658835	-7.322135E+001	0.040658835	2.115793E+001	0.040658835	5.096033E+000
175	0.040989824	2.117332E+001	-173.3849000	0.040989824	-7.581124E+001	0.040989824	2.117332E+001	0.040989824	5.102958E+000
176	0.041323508	2.118792E+001	-174.7922000	0.041323508	-7.960815E+001	0.041323508	2.118792E+001	0.041323508	5.118442E+000
177	0.041659908	2.119765E+001	-176.2157000	0.041659908	-7.389275E+001	0.041659908	2.119765E+001	0.041659908	5.131921E+000
178	0.041999047	2.120637E+001	-177.6309000	0.041999047	-6.607026E+001	0.041999047	2.120637E+001	0.041999047	5.145665E+000
179	0.042340947	2.122494E+001	-179.0908000	0.042340947	-6.632739E+001	0.042340947	2.122494E+001	0.042340947	5.159585E+000
180	0.042685629	2.123841E+001	179.4352000	0.042685629	-8.324130E+001	0.042685629	2.123841E+001	0.042685629	5.176147E+000
181	0.043033118	2.124740E+001	177.9555000	0.043033118	-8.506644E+001	0.043033118	2.124740E+001	0.043033118	5.197772E+000
182	0.043383436	2.126596E+001	176.4739000	0.043383436	-7.643815E+001	0.043383436	2.126596E+001	0.043383436	5.210128E+000
183	0.043736605	2.128095E+001	174.9827000	0.043736605	-7.105307E+001	0.043736605	2.128095E+001	0.043736605	5.229159E+000
184	0.044092650	2.129249E+001	173.4557000	0.044092650	-7.317646E+001	0.044092650	2.129249E+001	0.044092650	5.247656E+000
185	0.044451592	2.130758E+001	171.9229000	0.044451592	-7.125266E+001	0.044451592	2.130758E+001	0.044451592	5.267434E+000
186	0.044813457	2.132442E+001	170.3725000	0.044813457	-7.684371E+001	0.044813457	2.132442E+001	0.044813457	5.285635E+000
187	0.045178268	2.133869E+001	168.7760000	0.045178268	-6.440785E+001	0.045178268	2.133869E+001	0.045178268	5.303643E+000
188	0.045546048	2.135389E+001	167.1865000	0.045546048	-7.124196E+001	0.045546048	2.135389E+001	0.045546048	5.323867E+000
189	0.045916823	2.136929E+001	165.6270000	0.045916823	-7.252160E+001	0.045916823	2.136929E+001	0.045916823	5.340884E+000
190	0.046290616	2.138379E+001	163.9815000	0.046290616	-6.577092E+001	0.046290616	2.138379E+001	0.046290616	5.358975E+000
191	0.046667451	2.140135E+001	162.3926000	0.046667451	-7.154721E+001	0.046667451	2.140135E+001	0.046667451	5.378506E+000
192	0.047047355	2.141765E+001	160.7567000	0.047047355	-7.917931E+001	0.047047355	2.141765E+001	0.047047355	5.394070E+000
193	0.047430351	2.143257E+001	159.0689000	0.047430351	-7.449104E+001	0.047430351	2.143257E+001	0.047430351	5.411461E+000
194	0.047816465	2.144839E+001	157.4287000	0.047816465	-6.896743E+001	0.047816465	2.144839E+001	0.047816465	5.426039E+000
195	0.048205722	2.146210E+001	155.7451000	0.048205722	-6.388863E+001	0.048205722	2.146210E+001	0.048205722	5.438965E+000
196	0.048598148	2.147723E+001	154.0231000	0.048598148	-6.412101E+001	0.048598148	2.147723E+001	0.048598148	5.452985E+000
197	0.048993768	2.149701E+001	152.3444000	0.048993768	-6.737504E+001	0.048993768	2.149701E+001	0.048993768	5.465529E+000
198	0.049392610	2.151663E+001	150.5707000	0.049392610	-6.467702E+001	0.049392610	2.151663E+001	0.049392610	5.474988E+000
199	0.049794698	2.153423E+001	148.8194000	0.049794698	-6.641910E+001	0.049794698	2.153423E+001	0.049794698	5.488362E+000
200	0.050200059	2.154541E+001	147.0460000	0.050200059	-6.686209E+001	0.050200059	2.154541E+001	0.050200059	5.493662E+000
201	0.050608720	2.156445E+001	145.2818000	0.050608720	-7.078227E+001	0.050608720	2.156445E+001	0.050608720	5.504150E+000
202	0.051020708	2.158037E+001	143.4733000	0.051020708	-6.364063E+001	0.051020708	2.158037E+001	0.051020708	5.512448E+000
203	0.051436050	2.160246E+001	141.6507000	0.051436050	-6.616747E+001	0.051436050	2.160246E+001	0.051436050	5.518899E+000
204	0.051854772	2.162051E+001	139.8193000	0.051854772	-6.596741E+001	0.051854772	2.162051E+001	0.051854772	5.530293E+000
205	0.052276904	2.163463E+001	137.9739000	0.052276904	-6.727664E+001	0.052276904	2.163463E+001	0.052276904	5.530290E+000
206	0.052702472	2.165585E+001	136.0841000	0.052702472	-6.940878E+001	0.052702472	2.165585E+001	0.052702472	5.533592E+000
207	0.053131504	2.167602E+001	134.2411000	0.053131504	-6.667119E+001	0.053131504	2.167602E+001	0.053131504	5.536040E+000
208	0.053564029	2.169366E+001	132.3241000	0.053564029	-7.011964E+001	0.053564029	2.169366E+001	0.053564029	5.533986E+000
209	0.054000075	2.170710E+001	130.4232000	0.054000075	-7.191745E+001	0.054000075	2.170710E+001	0.054000075	5.534932E+000
210	0.054439671	2.172595E+001	128.4633000	0.054439671	-7.049757E+001	0.054439671	2.172595E+001	0.054439671	5.536092E+000
211	0.054882845	2.174461E+001	126.5191000	0.054882845	-6.737178E+001	0.054882845	2.174461E+001	0.054882845	5.528753E+000
212	0.055329628	2.176491E+001	124.5446000	0.055329628	-7.511705E+001	0.055329628	2.176491E+001	0.055329628	5.522895E+000
213	0.055780047	2.178964E+001	122.5198000	0.055780047	-7.097761E+001	0.055780047	2.178964E+001	0.055780047	5.517956E+000
214	0.056234133	2.180610E+001	120.5032000	0.056234133	-7.323410E+001	0.056234133	2.180610E+001	0.056234133	5.508301E+000
215	0.056691915	2.182872E+001	118.4726000	0.056691915	-7.045988E+001	0.056691915	2.182872E+001	0.056691915	5.495891E+000
216	0.057153424	2.184216E+001	116.4562000	0.057153424	-6.340538E+001	0.057153424	2.184216E+001	0.057153424	5.490901E+000
217	0.057618690	2.186737E+001	114.3634000	0.057618690	-6.889705E+001	0.057618690	2.186737E+001	0.057618690	5.478731E+000
218	0.058087744	2.188278E+001	112.2797000	0.058087744	-7.912495E+001	0.058087744	2.188278E+001	0.058087744	5.465184E+000
219	0.058560616	2.190382E+001	110.1381000	0.058560616	-7.741917E+001	0.058560616	2.190382E+001	0.058560616	5.443079E+000
220	0.059037337	2.192570E+001	108.0087000	0.059037337	-7.810896E+001	0.059037337	2.192570E+001	0.059037337	5.429521E+000
221	0.059517939	2.194370E+001	105.8713000	0.059517939	-6.670494E+001	0.059517939	2.194370E+001	0.059517939	5.410752E+000
222	0.060002454	2.196803E+001	103.6895000	0.060002454	-8.032047E+001	0.060002454	2.196803E+001	0.060002454	5.389818E+000
223	0.060490913	2.198219E+001	101.4432000	0.060490913	-7.822553E+001	0.060490913	2.198219E+001	0.060490913	5.365090E+000
224	0.060983349	2.200696E+001	99.1898300	0.060983349	-6.318819E+001	0.060983349	2.200696E+001	0.060983349	5.337169E+000
225	0.061479793	2.202363E+001	96.9548300	0.061479793	-6.647052E+001	0.061479793	2.202363E+001	0.061479793	5.310361E+000
226	0.061980278	2.204456E+001	94.6805300	0.061980278	-7.313522E+001	0.061980278	2.204456E+001	0.061980278	5.281691E+000
227	0.062484838	2.206652E+001	92.3498200	0.062484838	-6.389679E+001	0.062484838	2.206652E+001	0.062484838	5.246931E+000
228	0.062993505	2.209054E+001	90.0596500	0.062993505	-6.813737E+001	0.062993505	2.209054E+001	0.062993505	5.209022E+000
229	0.063506313	2.210977E+001	87.6948600	0.063506313	-7.349342E+001	0.063506313	2.210977E+001	0.063506313	5.169330E+000
230	0.064023296	2.213285E+001	85.3372900	0.064023296	-7.673212E+001	0.064023296	2.213285E+001	0.064023296	5.132369E+000
231	0.064544487	2.214996E+001	82.9713800	0.064544487	-6.371609E+001	0.064544487	2.214996E+001	0.064544487	5.083801E+000
232	0.065069921	2.217432E+001	80.5669300	0.065069921	-6.588982E+001	0.065069921	2.217432E+001	0.065069921	5.046502E+000
233	0.065599633	2.219337E+001	78.1139800	0.065599633	-6.833991E+001	0.065599633	2.219337E+001	0.065599633	4.993317E+000
234	0.066133656	2.221338E+001	75.6140100	0.066133656	-6.905017E+001	0.066133656	2.221338E+001	0.066133656	4.945986E+000
235	0.066672027	2.223227E+001	73.1267200	0.066672027	-7.146275E+001	0.066672027	2.223227E+001	0.066672027	4.888837E+000
236	0.067214781	2.225191E+001	70.5916300	0.067214781	-7.107780E+001	0.067214781	2.225191E+001	0.067214781	4.833857E+000
237	0.067761953	2.227282E+001	67.9968500	0.067761953	-6.905075E+001	0.067761953	2.227282E+001	0.067761953	4.768763E+000
238	0.068313580	2.229006E+001	65.4202400	0.068313580	-6.763776E+001	0.068313580	2.229006E+001	0.068313580	4.707112E+000
239	0.068869696	2.230634E+001	62.8031300	0.068869696	-6.921426E+001	0.068869696	2.230634E+001	0.068869696	4.647099E+000
240	0.069430341	2.232063E+001	60.1591300	0.069430341	-7.672800E+001	0.069430341	2.232063E+001	0.069430341	4.570052E+000
241	0.069995549	2.234026E+001	57.4714000	0.069995549	-7.551518E+001	0.069995549	2.234026E+001	0.069995549	4.492894E+000
242	0.070565358	2.235529E+001	54.8168200	0.070565358	-7.607089E+001	0.070565358	2.235529E+001	0.070565358	4.412504E+000
243	0.071139806	2.237210E+001	52.0872300	0.071139806	-7.615272E+001	0.071139806	2.237210E+001	0.071139806	4.327333E+000
244	0.071718930	2.238983E+001	49.3444800	0.071718930	-7.965714E+001	0.071718930	2.238983E+001	0.071718930	4.241793E+000
245	0.072302769	2.240200E+001	46.5626900	0.072302769	-6.306854E+001	0.072302769	2.240200E+001	0.072302769	4.149755E+000
246	0.072891361	2.241228E+001	43.7268000	0.072891361	-6.943320E+001	0.072891361	2.241228E+001	0.072891361	4.055129E+000
247	0.073484744	2.242434E+001	40.8596500	0.073484744	-8.551118E+001	0.073484744	2.242434E+001	0.073484744	3.953989E+000
248	0.074082957	2.243489E+001	37.9733500	0.074082957	-7.320967E+001	0.074082957	2.243489E+001	0.074082957	3.854496E+000
249	0.074686041	2.244224E+001	35.0364500	0.074686041	-6.794343E+001	0.074686041	2.244224E+001	0.074686041	3.736672E+000
250	0.075294034	2.245719E+001	32.0465600	0.075294034	-6.905081E+001	0.075294034	2.245719E+001	0.075294034	3.619133E+000
251	0.075906976	2.245952E+001	29.0931600	0.075906976	-6.757941E+001	0.075906976	2.245952E+001	0.075906976	3.501649E+000
252	0.076524908	2.246559E+001	26.0618900	0.076524908	-6.711401E+001	0.076524908	2.246559E+001	0.076524908	3.375090E+000
253	0.077147871	2.247036E+001	23.0133300	0.077147871	-6.990634E+001	0.077147871	2.247036E+001	0.077147871	3.240173E+000
254	0.077775904	2.246917E+001	19.9704200	0.077775904	-6.534972E+001	0.077775904	2.246917E+001	0.077775904	3.103096E+000
255	0.078409051	2.247312E+001	16.8900900	0.078409051	-6.995045E+001	0.078409051	2.247312E+001	0.078409051	2.952997E+000
256	0.079047352	2.247370E+001	13.6995600	0.079047352	-7.684977E+001	0.079047352	2.247370E+001	0.079047352	2.800078E+000
257	0.079690848	2.246992E+001	10.5378000	0.079690848	-7.941860E+001	0.079690848	2.246992E+001	0.079690848	2.642544E+000
258	0.080339584	2.246767E+001	7.3189580	0.080339584	-6.717604E+001	0.080339584	2.246767E+001	0.080339584	2.466240E+000
259	0.080993600	2.245615E+001	4.0910850	0.080993600	-7.622451E+001	0.080993600	2.245615E+001	0.080993600	2.288445E+000
260	0.081652941	2.244688E+001	0.7933376	0.081652941	-7.774863E+001	0.081652941	2.244688E+001	0.081652941	2.107820E+000
261	0.082317649	2.243164E+001	-2.5347760	0.082317649	-7.541403E+001	0.082317649	2.243164E+001	0.082317649	1.914047E+000
262	0.082987768	2.241467E+001	-5.9085580	0.082987768	-6.500200E+001	0.082987768	2.241467E+001	0.082987768	1.703233E+000
263	0.083663342	2.239792E+001	-9.3360040	0.083663342	-7.389421E+001	0.083663342	2.239792E+001	0.083663342	1.493491E+000
264	0.084344416	2.237827E+001	-12.7455600	0.084344416	-6.397969E+001	0.084344416	2.237827E+001	0.084344416	1.270896E+000
265	0.085031035	2.235032E+001	-16.2431900	0.085031035	-6.350109E+001	0.085031035	2.235032E+001	0.085031035	1.031899E+000
266	0.085723243	2.232387E+001	-19.7519600	0.085723243	-6.886895E+001	0.085723243	2.232387E+001	0.085723243	7.794794E-001
267	0.086421086	2.228943E+001	-23.2471500	0.086421086	-7.715642E+001	0.086421086	2.228943E+001	0.086421086	5.268447E-001
268	0.087124610	2.225640E+001	-26.8247300	0.087124610	-6.633099E+001	0.087124610	2.225640E+001	0.087124610	2.435121E-001
269	0.087833861	2.222173E+001	-30.3683500	0.087833861	-6.504972E+001	0.087833861	2.222173E+001	0.087833861	-3.718969E-002
270	0.088548885	2.217529E+001	-33.9865000	0.088548885	-7.131863E+001	0.088548885	2.217529E+001	0.088548885	-3.572027E-001
271	0.089269731	2.213346E+001	-37.6154200	0.089269731	-7.477948E+001	0.089269731	2.213346E+001	0.089269731	-6.720970E-001
272	0.089996445	2.208440E+001	-41.2635900	0.089996445	-6.595731E+001	0.089996445	2.208440E+001	0.089996445	-1.016315E+000
273	0.090729074	2.203322E+001	-44.9497000	0.090729074	-7.425772E+001	0.090729074	2.203322E+001	0.090729074	-1.370074E+000
274	0.091467668	2.197645E+001	-48.6912500	0.091467668	-6.255297E+001	0.091467668	2.197645E+001	0.091467668	-1.763341E+000
275	0.092212274	2.191419E+001	-52.4817700	0.092212274	-6.592690E+001	0.092212274	2.191419E+001	0.092212274	-2.176775E+000
276	0.092962942	2.184479E+001	-56.2721400	0.092962942	-6.304829E+001	0.092962942	2.184479E+001	0.092962942	-2.602309E+000
277	0.093719721	2.177906E+001	-60.0996000	0.093719721	-6.754303E+001	0.093719721	2.177906E+001	0.093719721	-3.055995E+000
278	0.094482660	2.170194E+001	-63.9809400	0.094482660	-6.555216E+001	0.094482660	2.170194E+001	0.094482660	-3.551597E+000
279	0.095251811	2.162197E+001	-67.8625400	0.095251811	-6.410784E+001	0.095251811	2.162197E+001	0.095251811	-4.068933E+000
280	0.096027222	2.153776E+001	-71.7771100	0.096027222	-6.524314E+001	0.096027222	2.153776E+001	0.096027222	-4.634803E+000
281	0.096808946	2.145098E+001	-75.7083200	0.096808946	-6.697131E+001	0.096808946	2.145098E+001	0.096808946	-5.220842E+000
282	0.097597034	2.136088E+001	-79.6673500	0.097597034	-6.864523E+001	0.097597034	2.136088E+001	0.097597034	-5.863003E+000
283	0.098391537	2.126297E+001	-83.5936800	0.098391537	-6.522968E+001	0.098391537	2.126297E+001	0.098391537	-6.535232E+000
284	0.099192508	2.116274E+001	-87.6355300	0.099192508	-6.592477E+001	0.099192508	2.116274E+001	0.099192508	-7.242985E+000
285	0.100000000	2.104977E+001	-91.6162400	0.100000000	-6.707825E+001	0.100000000	2.104977E+001	0.100000000	-7.985058E+000
286	0.100814065	2.093182E+001	-95.6721000	0.100814065	-6.344870E+001	0.100814065	2.093182E+001	0.100814065	-8.738326E+000
287	0.101634757	2.082441E+001	-99.6712100	0.101634757	-6.886324E+001	0.101634757	2.082441E+001	0.101634757	-9.497877E+000
288	0.102462130	2.069879E+001	-103.6982000	0.102462130	-7.256148E+001	0.102462130	2.069879E+001	0.102462130	-1.018952E+001
289	0.103296238	2.057354E+001	-107.7559000	0.103296238	-6.811522E+001	0.103296238	2.057354E+001	0.103296238	-1.078637E+001
290	0.104137137	2.043973E+001	-111.8242000	0.104137137	-7.338744E+001	0.104137137	2.043973E+001	0.104137137	-1.118621E+001
291	0.104984881	2.030387E+001	-115.9185000	0.104984881	-6.774306E+001	0.104984881	2.030387E+001	0.104984881	-1.131816E+001
292	0.105839526	2.016616E+001	-120.0217000	0.105839526	-6.657991E+001	0.105839526	2.016616E+001	0.105839526	-1.115670E+001
293	0.106701129	2.002412E+001	-124.1757000	0.106701129	-6.646184E+001	0.106701129	2.002412E+001	0.106701129	-1.069310E+001
294	0.107569745	1.988177E+001	-128.3356000	0.107569745	-6.790632E+001	0.107569745	1.988177E+001	0.107569745	-1.004755E+001
295	0.108445433	1.973078E+001	-132.5293000	0.108445433	-6.305336E+001	0.108445433	1.973078E+001	0.108445433	-9.266603E+000
296	0.109328249	1.957684E+001	-136.7510000	0.109328249	-6.879962E+001	0.109328249	1.957684E+001	0.109328249	-8.423685E+000
297	0.110218253	1.941738E+001	-140.9849000	0.110218253	-6.854332E+001	0.110218253	1.941738E+001	0.110218253	-7.570189E+000
298	0.111115501	1.925188E+001	-145.2426000	0.111115501	-6.737674E+001	0.111115501	1.925188E+001	0.111115501	-6.715429E+000
299	0.112020053	1.908907E+001	-149.4476000	0.112020053	-6.161806E+001	0.112020053	1.908907E+001	0.112020053	-5.909779E+000
300	0.112931969	1.891418E+001	-153.6676000	0.112931969	-6.552675E+001	0.112931969	1.891418E+001	0.112931969	-5.138634E+000
301	0.113851309	1.873844E+001	-157.9143000	0.113851309	-6.259142E+001	0.113851309	1.873844E+001	0.113851309	-4.398369E+000
302	0.114778133	1.855990E+001	-162.1645000	0.114778133	-7.332594E+001	0.114778133	1.855990E+001	0.114778133	-3.705369E+000
303	0.115712501	1.837830E+001	-166.3967000	0.115712501	-6.540591E+001	0.115712501	1.837830E+001	0.115712501	-3.050553E+000
304	0.116654476	1.820244E+001	-170.6307000	0.116654476	-6.490102E+001	0.116654476	1.820244E+001	0.116654476	-2.432002E+000
305	0.117604120	1.801435E+001	-174.8824000	0.117604120	-6.713538E+001	0.117604120	1.801435E+001	0.117604120	-1.840731E+000
306	0.118561494	1.782691E+001	-179.1427000	0.118561494	-6.845378E+001	0.118561494	1.782691E+001	0.118561494	-1.284719E+000
307	0.119526661	1.763934E+001	176.5900000	0.119526661	-6.184962E+001	0.119526661	1.763934E+001	0.119526661	-7.519341E-001
308	0.120499686	1.744398E+001	172.3304000	0.120499686	-6.610181E+001	0.120499686	1.744398E+001	0.120499686	-2.558315E-001
309	0.121480632	1.724659E+001	168.0513000	0.121480632	-6.661896E+001	0.121480632	1.724659E+001	0.121480632	2.180754E-001
310	0.122469563	1.705426E+001	163.7673000	0.122469563	-6.755486E+001	0.122469563	1.705426E+001	0.122469563	6.800567E-001
311	0.123466545	1.685422E+001	159.4143000	0.123466545	-6.610677E+001	0.123466545	1.685422E+001	0.123466545	1.110718E+000
312	0.124471643	1.665412E+001	155.0883000	0.124471643	-6.679718E+001	0.124471643	1.665412E+001	0.124471643	1.527473E+000
313	0.125484923	1.644873E+001	150.6738000	0.125484923	-5.968739E+001	0.125484923	1.644873E+001	0.125484923	1.922723E+000
314	0.126506452	1.625438E+001	146.2873000	0.126506452	-7.479602E+001	0.126506452	1.625438E+001	0.126506452	2.301401E+000
315	0.127536297	1.604960E+001	141.8663000	0.127536297	-7.069832E+001	0.127536297	1.604960E+001	0.127536297	2.667518E+000
316	0.128574525	1.584976E+001	137.4672000	0.128574525	-6.858711E+001	0.128574525	1.584976E+001	0.128574525	3.018535E+000
317	0.129621206	1.564463E+001	133.0311000	0.129621206	-6.060831E+001	0.129621206	1.564463E+001	0.129621206	3.349298E+000
318	0.130676406	1.543578E+001	128.6089000	0.130676406	-6.370914E+001	0.130676406	1.543578E+001	0.130676406	3.670552E+000
319	0.131740197	1.523397E+001	124.1697000	0.131740197	-6.433978E+001	0.131740197	1.523397E+001	0.131740197	3.982838E+000
320	0.132812648	1.503361E+001	119.7548000	0.132812648	-6.676240E+001	0.132812648	1.503361E+001	0.132812648	4.279251E+000
321	0.133893830	1.482580E+001	115.3163000	0.133893830	-6.507821E+001	0.133893830	1.482580E+001	0.133893830	4.564525E+000
322	0.134983812	1.462223E+001	110.9003000	0.134983812	-6.336155E+001	0.134983812	1.462223E+001	0.134983812	4.841768E+000
323	0.136082668	1.441323E+001	106.4341000	0.136082668	-6.515588E+001	0.136082668	1.441323E+001	0.136082668	5.101867E+000
324	0.137190470	1.421471E+001	102.0034000	0.137190470	-6.117060E+001	0.137190470	1.421471E+001	0.137190470	5.355244E+000
325	0.138307290	1.400544E+001	97.5045100	0.138307290	-6.327594E+001	0.138307290	1.400544E+001	0.138307290	5.598682E+000
326	0.139433201	1.380615E+001	93.0329300	0.139433201	-6.651715E+001	0.139433201	1.380615E+001	0.139433201	5.838791E+000
327	0.140568278	1.360315E+001	88.5114900	0.140568278	-6.736369E+001	0.140568278	1.360315E+001	0.140568278	6.061624E+000
328	0.141712595	1.340034E+001	83.9617300	0.141712595	-6.698507E+001	0.141712595	1.340034E+001	0.141712595	6.277113E+000
329	0.142866228	1.319454E+001	79.4614300	0.142866228	-6.146506E+001	0.142866228	1.319454E+001	0.142866228	6.483123E+000
330	0.144029252	1.298704E+001	74.8941000	0.144029252	-6.513557E+001	0.144029252	1.298704E+001	0.144029252	6.682159E+000
331	0.145201743	1.278199E+001	70.3063700	0.145201743	-8.586318E+001	0.145201743	1.278199E+001	0.145201743	6.872352E+000
332	0.146383780	1.258991E+001	65.7389500	0.146383780	-7.325008E+001	0.146383780	1.258991E+001	0.146383780	7.058770E+000
333	0.147575439	1.239095E+001	61.0212700	0.147575439	-6.620134E+001	0.147575439	1.239095E+001	0.147575439	7.227817E+000
334	0.148776799	1.220004E+001	56.2661300	0.148776799	-6.416071E+001	0.148776799	1.220004E+001	0.148776799	7.399510E+000
335	0.149987939	1.200265E+001	51.4178300	0.149987939	-6.565623E+001	0.149987939	1.200265E+001	0.149987939	7.559223E+000
336	0.151208939	1.180545E+001	46.5661800	0.151208939	-6.998453E+001	0.151208939	1.180545E+001	0.151208939	7.709142E+000
337	0.152439878	1.160929E+001	41.7488400	0.152439878	-6.868459E+001	0.152439878	1.160929E+001	0.152439878	7.852554E+000
338	0.153680837	1.141768E+001	36.9026700	0.153680837	-6.362487E+001	0.153680837	1.141768E+001	0.153680837	7.994420E+000
339	0.154931899	1.122288E+001	32.0293300	0.154931899	-6.676505E+001	0.154931899	1.122288E+001	0.154931899	8.122400E+000
340	0.156193146	1.103085E+001	27.1513200	0.156193146	-6.331179E+001	0.156193146	1.103085E+001	0.156193146	8.246631E+000
341	0.157464660	1.083385E+001	22.2389700	0.157464660	-6.631686E+001	0.157464660	1.083385E+001	0.157464660	8.355461E+000
342	0.158746524	1.063840E+001	17.2428000	0.158746524	-6.861287E+001	0.158746524	1.063840E+001	0.158746524	8.459814E+000
343	0.160038824	1.044866E+001	12.2551900	0.160038824	-6.500489E+001	0.160038824	1.044866E+001	0.160038824	8.560066E+000
344	0.161341644	1.024526E+001	7.2151750	0.161341644	-6.421639E+001	0.161341644	1.024526E+001	0.161341644	8.648212E+000
345	0.162655070	1.005484E+001	2.1049890	0.162655070	-6.050484E+001	0.162655070	1.005484E+001	0.162655070	8.734167E+000
346	0.163979188	9.856232E+000	-2.9995720	0.163979188	-6.351785E+001	0.163979188	9.856232E+000	0.163979188	8.811642E+000
347	0.165314086	9.661732E+000	-8.1533240	0.165314086	-6.207335E+001	0.165314086	9.661732E+000	0.165314086	8.876592E+000
348	0.166659850	9.452360E+000	-13.3805100	0.166659850	-6.635924E+001	0.166659850	9.452360E+000	0.166659850	8.933146E+000
349	0.168016569	9.253160E+000	-18.5574100	0.168016569	-7.038548E+001	0.168016569	9.253160E+000	0.168016569	8.984968E+000
350	0.169384333	9.047829E+000	-23.8567300	0.169384333	-6.431038E+001	0.169384333	9.047829E+000	0.169384333	9.032910E+000
351	0.170763232	8.844987E+000	-29.1538200	0.170763232	-6.536107E+001	0.170763232	8.844987E+000	0.170763232	9.063193E+000
352	0.172153356	8.644300E+000	-34.4707500	0.172153356	-6.629361E+001	0.172153356	8.644300E+000	0.172153356	9.090857E+000
353	0.173554796	8.431227E+000	-39.8368500	0.173554796	-8.242532E+001	0.173554796	8.431227E+000	0.173554796	9.104651E+000
354	0.174967645	8.225659E+000	-45.2555600	0.174967645	-6.136259E+001	0.174967645	8.225659E+000	0.174967645	9.118982E+000
355	0.176391995	8.007277E+000	-50.6860300	0.176391995	-7.163879E+001	0.176391995	8.007277E+000	0.176391995	9.119686E+000
356	0.177827941	7.791800E+000	-56.1743200	0.177827941	-6.071659E+001	0.177827941	7.791800E+000	0.177827941	9.105337E+000
357	0.179275576	7.573354E+000	-61.6898500	0.179275576	-6.755047E+001	0.179275576	7.573354E+000	0.179275576	9.087017E+000
358	0.180734996	7.347850E+000	-67.2159900	0.180734996	-7.434161E+001	0.180734996	7.347850E+000	0.180734996	9.056494E+000
359	0.182206296	7.126957E+000	-72.8403200	0.182206296	-6.690597E+001	0.182206296	7.126957E+000	0.182206296	9.021606E+000
360	0.183689574	6.893377E+000	-78.5150400	0.183689574	-6.832278E+001	0.183689574	6.893377E+000	0.183689574	8.969907E+000
361	0.185184927	6.663740E+000	-84.2028700	0.185184927	-6.191105E+001	0.185184927	6.663740E+000	0.185184927	8.907880E+000
362	0.186692452	6.437638E+000	-89.9903400	0.186692452	-6.540698E+001	0.186692452	6.437638E+000	0.186692452	8.841933E+000
363	0.188212250	6.205490E+000	-95.7417100	0.188212250	-6.854366E+001	0.188212250	6.205490E+000	0.188212250	8.752502E+000
364	0.189744420	5.969672E+000	-101.5605000	0.189744420	-6.564576E+001	0.189744420	5.969672E+000	0.189744420	8.660535E+000
365	0.191289063	5.728991E+000	-107.5170000	0.191289063	-7.040118E+001	0.191289063	5.728991E+000	0.191289063	8.559688E+000
366	0.192846281	5.476971E+000	-113.4123000	0.192846281	-7.068984E+001	0.192846281	5.476971E+000	0.192846281	8.437521E+000
367	0.194416175	5.227557E+000	-119.2943000	0.194416175	-7.064264E+001	0.194416175	5.227557E+000	0.194416175	8.307150E+000
368	0.195998849	4.973172E+000	-125.1817000	0.195998849	-6.352824E+001	0.195998849	4.973172E+000	0.195998849	8.164131E+000
369	0.197594407	4.718851E+000	-131.0650000	0.197594407	-7.545358E+001	0.197594407	4.718851E+000	0.197594407	8.007338E+000
370	0.199202954	4.463665E+000	-136.9671000	0.199202954	-6.315965E+001	0.199202954	4.463665E+000	0.199202954	7.841313E+000
371	0.200824596	4.204743E+000	-142.9170000	0.200824596	-6.190851E+001	0.200824596	4.204743E+000	0.200824596	7.654356E+000
372	0.202459439	3.940427E+000	-148.9013000	0.202459439	-6.537530E+001	0.202459439	3.940427E+000	0.202459439	7.452550E+000
373	0.204107590	3.671849E+000	-154.9228000	0.204107590	-6.490674E+001	0.204107590	3.671849E+000	0.204107590	7.237383E+000
374	0.205769159	3.387670E+000	-161.0488000	0.205769159	-6.868318E+001	0.205769159	3.387670E+000	0.205769159	7.011302E+000
375	0.207444253	3.094652E+000	-167.0289000	0.207444253	-7.061687E+001	0.207444253	3.094652E+000	0.207444253	6.763505E+000
376	0.209132984	2.811644E+000	-173.0074000	0.209132984	-6.703564E+001	0.209132984	2.811644E+000	0.209132984	6.501799E+000
377	0.210835463	2.497195E+000	-179.0091000	0.210835463	-7.394946E+001	0.210835463	2.497195E+000	0.210835463	6.214907E+000
378	0.212551801	2.178648E+000	175.1670000	0.212551801	-6.637137E+001	0.212551801	2.178648E+000	0.212551801	5.921523E+000
379	0.214282111	1.915200E+000	169.4991000	0.214282111	-6.285671E+001	0.214282111	1.915200E+000	0.214282111	5.606393E+000
380	0.216026506	1.640670E+000	163.5564000	0.216026506	-6.952070E+001	0.216026506	1.640670E+000	0.216026506	5.265799E+000
381	0.217785103	1.357769E+000	157.6326000	0.217785103	-8.342149E+001	0.217785103	1.357769E+000	0.217785103	4.910800E+000
382	0.219558015	1.087429E+000	151.9572000	0.219558015	-6.086088E+001	0.219558015	1.087429E+000	0.219558015	4.540390E+000
383	0.221345360	8.660136E-001	146.1612000	0.221345360	-6.597407E+001	0.221345360	8.660136E-001	0.221345360	4.150712E+000
384	0.223147255	6.359731E-001	140.1294000	0.223147255	-6.170821E+001	0.223147255	6.359731E-001	0.223147255	3.741405E+000
385	0.224963819	3.791825E-001	134.0384000	0.224963819	-6.320036E+001	0.224963819	3.791825E-001	0.224963819	3.323474E+000
386	0.226795171	1.236779E-001	127.9453000	0.226795171	-5.649505E+001	0.226795171	1.236779E-001	0.226795171	2.895783E+000
387	0.228641431	-1.417385E-001	122.0014000	0.228641431	-6.326632E+001	0.228641431	-1.417385E-001	0.228641431	2.460896E+000
388	0.230502721	-3.741573E-001	116.0273000	0.230502721	-6.426900E+001	0.230502721	-3.741573E-001	0.230502721	2.025872E+000
389	0.232379163	-6.071712E-001	109.9963000	0.232379163	-6.177027E+001	0.232379163	-6.071712E-001	0.232379163	1.606425E+000
390	0.234270881	-8.446276E-001	103.9204000	0.234270881	-6.148710E+001	0.234270881	-8.446276E-001	0.234270881	1.211983E+000
391	0.236177998	-1.072480E+000	97.8590700	0.236177998	-6.129192E+001	0.236177998	-1.072480E+000	0.236177998	8.561351E-001
392	0.238100640	-1.286156E+000	91.6900300	0.238100640	-6.243343E+001	0.238100640	-1.286156E+000	0.238100640	5.657002E-001
393	0.240038934	-1.484149E+000	85.4356500	0.240038934	-6.203356E+001	0.240038934	-1.484149E+000	0.240038934	3.450040E-001
394	0.241993007	-1.655535E+000	79.0106000	0.241993007	-5.787547E+001	0.241993007	-1.655535E+000	0.241993007	2.289101E-001
395	0.243962988	-1.844993E+000	72.4521700	0.243962988	-6.156456E+001	0.243962988	-1.844993E+000	0.243962988	2.261692E-001
396	0.245949005	-2.028545E+000	65.7519000	0.245949005	-6.314155E+001	0.245949005	-2.028545E+000	0.245949005	3.346073E-001
397	0.247951190	-2.225679E+000	58.9904900	0.247951190	-6.254578E+001	0.247951190	-2.225679E+000	0.247951190	5.514225E-001
398	0.249969674	-2.467597E+000	52.4476400	0.249969674	-5.976315E+001	0.249969674	-2.467597E+000	0.249969674	8.625997E-001
399	0.252004590	-2.634742E+000	45.9448400	0.252004590	-5.804478E+001	0.252004590	-2.634742E+000	0.252004590	1.247274E+000
400	0.254056071	-2.796959E+000	39.2620200	0.254056071	-6.008415E+001	0.254056071	-2.796959E+000	0.254056071	1.695171E+000
401	0.256124253	-2.978912E+000	32.4054400	0.256124253	-5.915587E+001	0.256124253	-2.978912E+000	0.256124253	2.173968E+000
402	0.258209271	-3.131840E+000	25.6578700	0.258209271	-5.602035E+001	0.258209271	-3.131840E+000	0.258209271	2.680381E+000
403	0.260311262	-3.297581E+000	18.6688800	0.260311262	-5.353764E+001	0.260311262	-3.297581E+000	0.260311262	3.195505E+000
404	0.262430365	-3.451810E+000	11.6810700	0.262430365	-5.412865E+001	0.262430365	-3.451810E+000	0.262430365	3.705111E+000
405	0.264566719	-3.598359E+000	4.5508790	0.264566719	-5.519713E+001	0.264566719	-3.598359E+000	0.264566719	4.211347E+000
406	0.266720464	-3.730613E+000	-2.7085270	0.266720464	-5.423199E+001	0.266720464	-3.730613E+000	0.266720464	4.704197E+000
407	0.268891742	-3.877852E+000	-10.2316300	0.268891742	-5.190344E+001	0.268891742	-3.877852E+000	0.268891742	5.182248E+000
408	0.271080696	-4.045865E+000	-17.6171700	0.271080696	-5.288422E+001	0.271080696	-4.045865E+000	0.271080696	5.642724E+000
409	0.273287469	-4.186849E+000	-25.1597100	0.273287469	-5.502403E+001	0.273287469	-4.186849E+000	0.273287469	6.086441E+000
410	0.275512207	-4.342809E+000	-32.9190800	0.275512207	-5.211623E+001	0.275512207	-4.342809E+000	0.275512207	6.503925E+000
411	0.277755055	-4.511895E+000	-40.6320600	0.277755055	-4.926392E+001	0.277755055	-4.511895E+000	0.277755055	6.913300E+000
412	0.280016162	-4.666191E+000	-48.5507600	0.280016162	-5.010389E+001	0.280016162	-4.666191E+000	0.280016162	7.306145E+000
413	0.282295676	-4.827548E+000	-56.4686100	0.282295676	-4.952593E+001	0.282295676	-4.827548E+000	0.282295676	7.683368E+000
414	0.284593746	-4.996262E+000	-64.6015900	0.284593746	-4.878328E+001	0.284593746	-4.996262E+000	0.284593746	8.042171E+000
415	0.286910524	-5.173261E+000	-72.7834600	0.286910524	-4.904707E+001	0.286910524	-5.173261E+000	0.286910524	8.373991E+000
416	0.289246162	-5.355143E+000	-81.0668500	0.289246162	-4.901236E+001	0.289246162	-5.355143E+000	0.289246162	8.661050E+000
417	0.291600814	-5.530768E+000	-89.5400900	0.291600814	-4.939366E+001	0.291600814	-5.530768E+000	0.291600814	8.906023E+000
418	0.293974635	-5.716838E+000	-98.0287900	0.293974635	-5.093042E+001	0.293974635	-5.716838E+000	0.293974635	9.112759E+000
419	0.296367779	-5.932794E+000	-106.8938000	0.296367779	-5.132710E+001	0.296367779	-5.932794E+000	0.296367779	9.292025E+000
420	0.298780406	-6.201302E+000	-115.7032000	0.298780406	-5.191295E+001	0.298780406	-6.201302E+000	0.298780406	9.443702E+000
421	0.301212673	-6.501106E+000	-124.4183000	0.301212673	-5.358314E+001	0.301212673	-6.501106E+000	0.301212673	9.577477E+000
422	0.303664740	-6.783328E+000	-132.8996000	0.303664740	-5.485460E+001	0.303664740	-6.783328E+000	0.303664740	9.686687E+000
423	0.306136768	-7.091539E+000	-141.3432000	0.306136768	-5.543921E+001	0.306136768	-7.091539E+000	0.306136768	9.775092E+000
424	0.308628920	-7.322309E+000	-149.9129000	0.308628920	-5.616533E+001	0.308628920	-7.322309E+000	0.308628920	9.841996E+000
425	0.311141361	-7.616772E+000	-158.9504000	0.311141361	-5.612796E+001	0.311141361	-7.616772E+000	0.311141361	9.880753E+000
426	0.313674254	-7.983048E+000	-167.9864000	0.313674254	-5.635061E+001	0.313674254	-7.983048E+000	0.313674254	9.902163E+000
427	0.316227766	-8.410408E+000	-176.4012000	0.316227766	-5.908449E+001	0.316227766	-8.410408E+000	0.316227766	9.897393E+000
428	0.318802066	-8.770524E+000	175.9763000	0.318802066	-6.127721E+001	0.318802066	-8.770524E+000	0.318802066	9.870639E+000
429	0.321397322	-9.009270E+000	167.7038000	0.321397322	-5.838821E+001	0.321397322	-9.009270E+000	0.321397322	9.819215E+000
430	0.324013705	-9.356350E+000	159.4773000	0.324013705	-5.848283E+001	0.324013705	-9.356350E+000	0.324013705	9.745230E+000
431	0.326651387	-9.618576E+000	151.3244000	0.326651387	-6.077179E+001	0.326651387	-9.618576E+000	0.326651387	9.640920E+000
432	0.329310542	-9.945443E+000	142.8176000	0.329310542	-6.208754E+001	0.329310542	-9.945443E+000	0.329310542	9.516752E+000
433	0.331991344	-1.027958E+001	135.0333000	0.331991344	-5.869221E+001	0.331991344	-1.027958E+001	0.331991344	9.362551E+000
434	0.334693969	-1.049028E+001	127.3557000	0.334693969	-6.135337E+001	0.334693969	-1.049028E+001	0.334693969	9.183833E+000
435	0.337418596	-1.070523E+001	119.2743000	0.337418596	-6.129373E+001	0.337418596	-1.070523E+001	0.337418596	8.980942E+000
436	0.340165403	-1.082999E+001	110.8510000	0.340165403	-6.044452E+001	0.340165403	-1.082999E+001	0.340165403	8.741242E+000
437	0.342934570	-1.096719E+001	102.0266000	0.342934570	-6.945255E+001	0.342934570	-1.096719E+001	0.342934570	8.479503E+000
438	0.345726281	-1.115880E+001	92.8260000	0.345726281	-6.735887E+001	0.345726281	-1.115880E+001	0.345726281	8.185337E+000
439	0.348540718	-1.135103E+001	83.7627200	0.348540718	-6.572336E+001	0.348540718	-1.135103E+001	0.348540718	7.860688E+000
440	0.351378066	-1.156202E+001	74.6948800	0.351378066	-6.785565E+001	0.351378066	-1.156202E+001	0.351378066	7.503328E+000
441	0.354238512	-1.173090E+001	65.8628700	0.354238512	-6.286034E+001	0.354238512	-1.173090E+001	0.354238512	7.104854E+000
442	0.357122244	-1.187836E+001	57.0117200	0.357122244	-6.048420E+001	0.357122244	-1.187836E+001	0.357122244	6.677998E+000
443	0.360029451	-1.195605E+001	47.6435700	0.360029451	-6.574675E+001	0.360029451	-1.195605E+001	0.360029451	6.215687E+000
444	0.362960325	-1.208321E+001	37.9461100	0.362960325	-6.359528E+001	0.362960325	-1.208321E+001	0.362960325	5.715634E+000
445	0.365915058	-1.226006E+001	28.3866600	0.365915058	-6.527944E+001	0.365915058	-1.226006E+001	0.365915058	5.200511E+000
446	0.368893844	-1.238722E+001	18.5481500	0.368893844	-6.493819E+001	0.368893844	-1.238722E+001	0.368893844	4.657793E+000
447	0.371896880	-1.255181E+001	8.5981950	0.371896880	-6.840028E+001	0.371896880	-1.255181E+001	0.371896880	4.111036E+000
448	0.374924363	-1.274017E+001	-1.0863560	0.374924363	-6.982712E+001	0.374924363	-1.274017E+001	0.374924363	3.594289E+000
449	0.377976491	-1.282592E+001	-10.8580400	0.377976491	-6.301149E+001	0.377976491	-1.282592E+001	0.377976491	3.135422E+000
450	0.381053465	-1.292402E+001	-21.1090000	0.381053465	-7.295293E+001	0.381053465	-1.292402E+001	0.381053465	2.790102E+000
451	0.384155488	-1.302674E+001	-31.6548900	0.384155488	-6.633721E+001	0.384155488	-1.302674E+001	0.384155488	2.611389E+000
452	0.387282764	-1.314783E+001	-42.3767900	0.387282764	-6.205711E+001	0.387282764	-1.314783E+001	0.387282764	2.628164E+000
453	0.390435497	-1.329338E+001	-53.3446300	0.390435497	-6.697104E+001	0.390435497	-1.329338E+001	0.390435497	2.861583E+000
454	0.393613896	-1.342049E+001	-64.2480200	0.393613896	-6.416795E+001	0.393613896	-1.342049E+001	0.393613896	3.287463E+000
455	0.396818169	-1.356821E+001	-75.6316500	0.396818169	-6.535262E+001	0.396818169	-1.356821E+001	0.396818169	3.863770E+000
456	0.400048527	-1.375888E+001	-86.9817100	0.400048527	-7.867536E+001	0.400048527	-1.375888E+001	0.400048527	4.526175E+000
457	0.403305183	-1.395938E+001	-98.6873700	0.403305183	-6.716209E+001	0.403305183	-1.395938E+001	0.403305183	5.229449E+000
458	0.406588349	-1.419164E+001	-110.3418000	0.406588349	-6.778693E+001	0.406588349	-1.419164E+001	0.406588349	5.934563E+000
459	0.409898243	-1.447683E+001	-121.9740000	0.409898243	-6.288288E+001	0.409898243	-1.447683E+001	0.409898243	6.628404E+000
460	0.413235081	-1.472604E+001	-133.2477000	0.413235081	-6.533138E+001	0.413235081	-1.472604E+001	0.413235081	7.281981E+000
461	0.416599083	-1.494005E+001	-145.3316000	0.416599083	-6.470480E+001	0.416599083	-1.494005E+001	0.416599083	7.890506E+000
462	0.419990471	-1.527493E+001	-157.5922000	0.419990471	-7.545711E+001	0.419990471	-1.527493E+001	0.419990471	8.451256E+000
463	0.423409466	-1.559528E+001	-169.3745000	0.423409466	-6.635770E+001	0.423409466	-1.559528E+001	0.423409466	8.957191E+000
464	0.426856295	-1.601091E+001	178.5170000	0.426856295	-7.524065E+001	0.426856295	-1.601091E+001	0.426856295	9.416603E+000
465	0.430331182	-1.634919E+001	167.0377000	0.430331182	-7.043561E+001	0.430331182	-1.634919E+001	0.430331182	9.827504E+000
466	0.433834358	-1.660719E+001	154.6302000	0.433834358	-7.161447E+001	0.433834358	-1.660719E+001	0.433834358	1.018691E+001
467	0.437366052	-1.699903E+001	142.1998000	0.437366052	-6.700392E+001	0.437366052	-1.699903E+001	0.437366052	1.049866E+001
468	0.440926496	-1.748442E+001	129.3710000	0.440926496	-6.708179E+001	0.440926496	-1.748442E+001	0.440926496	1.076834E+001
469	0.444515925	-1.802248E+001	116.5945000	0.444515925	-6.489992E+001	0.444515925	-1.802248E+001	0.444515925	1.100059E+001
470	0.448134573	-1.869904E+001	104.7151000	0.448134573	-6.955004E+001	0.448134573	-1.869904E+001	0.448134573	1.118804E+001
471	0.451782680	-1.937418E+001	94.3902700	0.451782680	-6.151819E+001	0.451782680	-1.937418E+001	0.451782680	1.134366E+001
472	0.455460485	-1.995775E+001	83.8189400	0.455460485	-6.430417E+001	0.455460485	-1.995775E+001	0.455460485	1.145965E+001
473	0.459168230	-2.043755E+001	75.4396700	0.459168230	-6.429226E+001	0.459168230	-2.043755E+001	0.459168230	1.154754E+001
474	0.462906158	-2.060011E+001	65.7316200	0.462906158	-6.162811E+001	0.462906158	-2.060011E+001	0.462906158	1.158886E+001
475	0.466674515	-2.074417E+001	53.9351900	0.466674515	-6.421573E+001	0.466674515	-2.074417E+001	0.466674515	1.159948E+001
476	0.470473549	-2.103889E+001	43.4259500	0.470473549	-5.939199E+001	0.470473549	-2.103889E+001	0.470473549	1.157556E+001
477	0.474303509	-2.113482E+001	31.2698100	0.474303509	-6.332542E+001	0.474303509	-2.113482E+001	0.474303509	1.151059E+001
478	0.478164648	-2.167400E+001	20.1909500	0.478164648	-6.680605E+001	0.478164648	-2.167400E+001	0.478164648	1.140985E+001
479	0.482057220	-2.188006E+001	10.4118500	0.482057220	-6.354481E+001	0.482057220	-2.188006E+001	0.482057220	1.126447E+001
480	0.485981479	-2.181900E+001	-1.5936840	0.485981479	-6.849580E+001	0.485981479	-2.181900E+001	0.485981479	1.107518E+001
481	0.489937684	-2.216115E+001	-15.2112200	0.489937684	-6.936274E+001	0.489937684	-2.216115E+001	0.489937684	1.083170E+001
482	0.493926096	-2.255249E+001	-26.2423000	0.493926096	-6.856795E+001	0.493926096	-2.255249E+001	0.493926096	1.052903E+001
483	0.497946975	-2.274355E+001	-38.4784100	0.497946975	-7.473134E+001	0.497946975	-2.274355E+001	0.497946975	1.017908E+001
484	0.502000587	-2.317031E+001	-50.2182400	0.502000587	-6.041362E+001	0.502000587	-2.317031E+001	0.502000587	9.764447E+000
485	0.506087199	-2.332042E+001	-61.0246900	0.506087199	-6.057346E+001	0.506087199	-2.332042E+001	0.506087199	9.278464E+000
486	0.510207078	-2.334983E+001	-72.6809400	0.510207078	-5.816677E+001	0.510207078	-2.334983E+001	0.510207078	8.731855E+000
487	0.514360495	-2.356585E+001	-84.8737600	0.514360495	-5.605186E+001	0.514360495	-2.356585E+001	0.514360495	8.136234E+000
488	0.518547724	-2.365951E+001	-96.7840800	0.518547724	-5.467827E+001	0.518547724	-2.365951E+001	0.518547724	7.510145E+000
489	0.522769040	-2.362368E+001	-109.4686000	0.522769040	-5.490238E+001	0.522769040	-2.362368E+001	0.522769040	6.914444E+000
490	0.527024720	-2.369441E+001	-122.7529000	0.527024720	-5.306847E+001	0.527024720	-2.369441E+001	0.527024720	6.404181E+000
491	0.531315044	-2.382921E+001	-136.0261000	0.531315044	-5.183000E+001	0.531315044	-2.382921E+001	0.531315044	6.073849E+000
492	0.535640294	-2.402000E+001	-149.3884000	0.535640294	-5.249606E+001	0.535640294	-2.402000E+001	0.535640294	6.006893E+000
493	0.540000754	-2.420254E+001	-162.8094000	0.540000754	-5.257726E+001	0.540000754	-2.420254E+001	0.540000754	6.233745E+000
494	0.544396711	-2.451675E+001	-175.7884000	0.544396711	-5.242916E+001	0.544396711	-2.451675E+001	0.544396711	6.710721E+000
495	0.548828455	-2.486783E+001	171.5844000	0.548828455	-5.238174E+001	0.548828455	-2.486783E+001	0.548828455	7.356794E+000
496	0.553296275	-2.501132E+001	161.3140000	0.553296275	-5.125553E+001	0.553296275	-2.501132E+001	0.553296275	8.085125E+000
497	0.557800467	-2.494847E+001	150.4096000	0.557800467	-5.182805E+001	0.557800467	-2.494847E+001	0.557800467	8.837221E+000
498	0.562341325	-2.456361E+001	139.8260000	0.562341325	-4.929462E+001	0.562341325	-2.456361E+001	0.562341325	9.573211E+000
499	0.566919149	-2.373339E+001	127.1713000	0.566919149	-4.882095E+001	0.566919149	-2.373339E+001	0.566919149	1.026540E+001
500	0.571534240	-2.303741E+001	108.2117000	0.571534240	-4.719270E+001	0.571534240	-2.303741E+001	0.571534240	1.091277E+001
501	0.576186900	-2.285887E+001	88.1316000	0.576186900	-4.740820E+001	0.576186900	-2.285887E+001	0.576186900	1.149438E+001
502	0.580877436	-2.292914E+001	69.1167300	0.580877436	-4.738184E+001	0.580877436	-2.292914E+001	0.580877436	1.202881E+001
503	0.585606156	-2.314557E+001	49.7575600	0.585606156	-4.701749E+001	0.585606156	-2.314557E+001	0.585606156	1.250226E+001
504	0.590373371	-2.368370E+001	32.5294100	0.590373371	-4.809369E+001	0.590373371	-2.368370E+001	0.590373371	1.293349E+001
505	0.595179395	-2.395565E+001	15.9157000	0.595179395	-4.586191E+001	0.595179395	-2.395565E+001	0.595179395	1.329812E+001
506	0.600024542	-2.437655E+001	-0.8541511	0.600024542	-4.607809E+001	0.600024542	-2.437655E+001	0.600024542	1.361486E+001
507	0.604909132	-2.477419E+001	-17.1237500	0.604909132	-4.467179E+001	0.604909132	-2.477419E+001	0.604909132	1.387771E+001
508	0.609833486	-2.517020E+001	-34.8963500	0.609833486	-4.356686E+001	0.609833486	-2.517020E+001	0.609833486	1.407596E+001
509	0.614797927	-2.572866E+001	-52.2364600	0.614797927	-4.319192E+001	0.614797927	-2.572866E+001	0.614797927	1.420957E+001
510	0.619802782	-2.658679E+001	-66.3015400	0.619802782	-4.257896E+001	0.619802782	-2.658679E+001	0.619802782	1.427028E+001
511	0.624848380	-2.707214E+001	-79.6223100	0.624848380	-4.255518E+001	0.624848380	-2.707214E+001	0.624848380	1.424899E+001
512	0.629935052	-2.748070E+001	-90.7412900	0.629935052	-4.130627E+001	0.629935052	-2.748070E+001	0.629935052	1.411656E+001
513	0.635063133	-2.744474E+001	-101.3601000	0.635063133	-4.084520E+001	0.635063133	-2.744474E+001	0.635063133	1.388709E+001
514	0.640232960	-2.660263E+001	-112.1310000	0.640232960	-4.025896E+001	0.640232960	-2.660263E+001	0.640232960	1.353563E+001
515	0.645444872	-2.514602E+001	-131.5863000	0.645444872	-4.033115E+001	0.645444872	-2.514602E+001	0.645444872	1.308236E+001
516	0.650699213	-2.476408E+001	-155.6317000	0.650699213	-4.183702E+001	0.650699213	-2.476408E+001	0.650699213	1.253689E+001
517	0.655996328	-2.499645E+001	-178.2135000	0.655996328	-4.420412E+001	0.655996328	-2.499645E+001	0.655996328	1.190419E+001
518	0.661336565	-2.530327E+001	160.8866000	0.661336565	-4.540292E+001	0.661336565	-2.530327E+001	0.661336565	1.118797E+001
519	0.666720275	-2.547334E+001	139.3319000	0.666720275	-4.550793E+001	0.666720275	-2.547334E+001	0.666720275	1.043027E+001
520	0.672147811	-2.609959E+001	117.8918000	0.672147811	-4.618005E+001	0.672147811	-2.609959E+001	0.672147811	9.706453E+000
521	0.677619532	-2.686515E+001	98.3293800	0.677619532	-4.592030E+001	0.677619532	-2.686515E+001	0.677619532	9.124668E+000
522	0.683135795	-2.758296E+001	77.8110300	0.683135795	-4.691983E+001	0.683135795	-2.758296E+001	0.683135795	8.815051E+000
523	0.688696965	-2.859458E+001	62.0491300	0.688696965	-4.823418E+001	0.688696965	-2.859458E+001	0.688696965	8.866502E+000
524	0.694303406	-2.923551E+001	45.2390900	0.694303406	-4.696720E+001	0.694303406	-2.923551E+001	0.694303406	9.292685E+000
525	0.699955487	-2.961664E+001	30.1160400	0.699955487	-4.672171E+001	0.699955487	-2.961664E+001	0.699955487	9.977167E+000
526	0.705653580	-3.026819E+001	13.0388000	0.705653580	-4.653607E+001	0.705653580	-3.026819E+001	0.705653580	1.082102E+001
527	0.711398059	-3.039300E+001	-1.8052880	0.711398059	-4.611895E+001	0.711398059	-3.039300E+001	0.711398059	1.170488E+001
528	0.717189302	-3.087885E+001	-18.9724600	0.717189302	-4.566082E+001	0.717189302	-3.087885E+001	0.717189302	1.257050E+001
529	0.723027689	-3.061438E+001	-32.8844800	0.723027689	-4.471982E+001	0.723027689	-3.061438E+001	0.723027689	1.337798E+001
530	0.728913605	-3.094510E+001	-52.7177300	0.728913605	-4.379919E+001	0.728913605	-3.094510E+001	0.728913605	1.409032E+001
531	0.734847436	-3.064700E+001	-66.4308900	0.734847436	-4.308669E+001	0.734847436	-3.064700E+001	0.734847436	1.470401E+001
532	0.740829572	-3.059212E+001	-86.2470800	0.740829572	-4.236101E+001	0.740829572	-3.059212E+001	0.740829572	1.521213E+001
533	0.746860406	-3.062310E+001	-106.8824000	0.746860406	-4.137553E+001	0.746860406	-3.062310E+001	0.746860406	1.558970E+001
534	0.752940336	-3.060656E+001	-124.4043000	0.752940336	-4.221115E+001	0.752940336	-3.060656E+001	0.752940336	1.584367E+001
535	0.759069760	-3.061708E+001	-140.6019000	0.759069760	-4.177652E+001	0.759069760	-3.061708E+001	0.759069760	1.596601E+001
536	0.765249081	-3.041382E+001	-161.5807000	0.765249081	-4.090935E+001	0.765249081	-3.041382E+001	0.765249081	1.596892E+001
537	0.771478707	-2.975008E+001	177.7482000	0.771478707	-4.069269E+001	0.771478707	-2.975008E+001	0.771478707	1.584220E+001
538	0.777759045	-2.945469E+001	157.9135000	0.777759045	-4.038293E+001	0.777759045	-2.945469E+001	0.777759045	1.559883E+001
539	0.784090509	-2.923600E+001	136.9331000	0.784090509	-4.050470E+001	0.784090509	-2.923600E+001	0.784090509	1.524551E+001
540	0.790473516	-2.854652E+001	114.7345000	0.790473516	-3.965116E+001	0.790473516	-2.854652E+001	0.790473516	1.479738E+001
541	0.796908485	-2.859955E+001	88.6509400	0.796908485	-3.897374E+001	0.796908485	-2.859955E+001	0.796908485	1.425612E+001
542	0.803395838	-2.837178E+001	63.5265800	0.803395838	-3.888712E+001	0.803395838	-2.837178E+001	0.803395838	1.365532E+001
543	0.809936002	-2.879123E+001	40.1804900	0.809936002	-3.791888E+001	0.809936002	-2.879123E+001	0.809936002	1.303320E+001
544	0.816529408	-2.866586E+001	15.2519400	0.816529408	-3.731780E+001	0.816529408	-2.866586E+001	0.816529408	1.244758E+001
545	0.823176489	-2.884494E+001	-8.1577880	0.823176489	-3.663393E+001	0.823176489	-2.884494E+001	0.823176489	1.201330E+001
546	0.829877681	-2.915024E+001	-34.0099300	0.829877681	-3.632368E+001	0.829877681	-2.915024E+001	0.829877681	1.182861E+001
547	0.836633425	-2.943525E+001	-56.7883900	0.836633425	-3.560361E+001	0.836633425	-2.943525E+001	0.836633425	1.199433E+001
548	0.843444165	-2.945043E+001	-81.4048400	0.843444165	-3.525914E+001	0.843444165	-2.945043E+001	0.843444165	1.247227E+001
549	0.850310349	-3.007290E+001	-105.8912000	0.850310349	-3.523610E+001	0.850310349	-3.007290E+001	0.850310349	1.316745E+001
550	0.857232428	-3.075867E+001	-128.2454000	0.857232428	-3.524653E+001	0.857232428	-3.075867E+001	0.857232428	1.394359E+001
551	0.864210858	-3.116819E+001	-148.5316000	0.864210858	-3.521911E+001	0.864210858	-3.116819E+001	0.864210858	1.468432E+001
552	0.871246096	-3.140588E+001	-169.6451000	0.871246096	-3.538167E+001	0.871246096	-3.140588E+001	0.871246096	1.534475E+001
553	0.878338606	-3.163446E+001	171.3677000	0.878338606	-3.579717E+001	0.878338606	-3.163446E+001	0.878338606	1.588331E+001
554	0.885488853	-3.149692E+001	148.8481000	0.885488853	-3.524912E+001	0.885488853	-3.149692E+001	0.885488853	1.631041E+001
555	0.892697308	-3.132220E+001	130.1204000	0.892697308	-3.560893E+001	0.892697308	-3.132220E+001	0.892697308	1.662523E+001
556	0.899964445	-3.051391E+001	109.0762000	0.899964445	-3.570200E+001	0.899964445	-3.051391E+001	0.899964445	1.683446E+001
557	0.907290741	-2.981979E+001	83.3158000	0.907290741	-3.548244E+001	0.907290741	-2.981979E+001	0.907290741	1.694551E+001
558	0.914676678	-2.952240E+001	56.6412400	0.914676678	-3.485890E+001	0.914676678	-2.952240E+001	0.914676678	1.696191E+001
559	0.922122741	-2.916568E+001	30.5084900	0.922122741	-3.399382E+001	0.922122741	-2.916568E+001	0.922122741	1.688326E+001
560	0.929629419	-2.881995E+001	1.7269120	0.929629419	-3.256871E+001	0.929629419	-2.881995E+001	0.929629419	1.670242E+001
561	0.937197208	-2.864015E+001	-26.4897700	0.937197208	-3.140589E+001	0.937197208	-2.864015E+001	0.937197208	1.640455E+001
562	0.944826602	-2.888133E+001	-55.8908500	0.944826602	-3.071895E+001	0.944826602	-2.888133E+001	0.944826602	1.597499E+001
563	0.952518105	-2.899767E+001	-81.6147900	0.952518105	-3.007464E+001	0.952518105	-2.899767E+001	0.952518105	1.541498E+001
564	0.960272222	-2.937856E+001	-108.5738000	0.960272222	-2.989154E+001	0.960272222	-2.937856E+001	0.960272222	1.477642E+001
565	0.968089463	-2.949166E+001	-134.4888000	0.968089463	-2.969497E+001	0.968089463	-2.949166E+001	0.968089463	1.416292E+001
566	0.975970340	-2.979848E+001	-159.3170000	0.975970340	-2.982043E+001	0.975970340	-2.979848E+001	0.975970340	1.375452E+001
567	0.983915374	-2.976370E+001	175.2691000	0.983915374	-3.027415E+001	0.983915374	-2.976370E+001	0.983915374	1.366580E+001
568	0.991925085	-2.971904E+001	149.7786000	0.991925085	-3.056371E+001	0.991925085	-2.971904E+001	0.991925085	1.395132E+001
569	1.000000000	-2.949740E+001	123.3711000	1.000000000	-3.060347E+001	1.000000000	-2.949740E+001	1.000000000	1.450136E+001
